,hemisphere_id,id,is_injection,max_voxel_density,max_voxel_x,max_voxel_y,max_voxel_z,normalized_projection_volume,projection_density,projection_energy,projection_intensity,projection_volume,experiment_id,structure_id,sum_pixel_intensity,sum_pixels,sum_projection_pixel_intensity,sum_projection_pixels,volume
0,1,631602602,False,0.622798204421997,6830,3950,1470,0.00161218073897436,0.000686269602738321,0.245467245578766,357.683410644531,0.000202301457421875,100141599,857,24865001472.0,240640192.0,59069284.0,165144.046875,0.2947842352
1,1,631605973,False,0.0,0,0,0,0.0,0.0,0.0,0.0,0.0,100141599,23,29459302400.0,222466496.0,0.0,0.0,0.2725214576
2,2,631596388,True,1.0,7920,410,7340,0.0111337454410945,0.952786147594452,6317.830078125,6630.90087890625,0.001397097034375,100141599,281,7583704576.0,1197002.5,7562458624.0,1140487.375,0.0014663280625
3,2,631599470,False,1.0,7760,1210,6620,0.769970912554816,0.0248837215471773,30.6241018986442,1230.68817662919,0.0966183468246782,100141599,991,309522398387.961,3169627168.0,97066985373.543,78872119.8568802,3.8827932808
4,1,631602798,False,0.0,0,0,0,0.0,0.0,0.0,0.0,0.0,100141599,798,896340544.0,48627900.0,0.0,0.0,0.0595691775
5,3,631607117,False,1.0,6610,3520,7840,8.34651159448302,0.0468550215117516,104.808512348702,2236.86830070956,1.047346255375,100141599,549,4396681455232.0,18247276544.0,1912469908992.0,854976535.0,22.3529137664
6,2,631598783,False,1.0,9540,1660,6940,0.381183794827256,0.135074600577354,246.501800537109,1824.93078613281,0.0478321291,100141599,851,114417524736.0,289074592.0,71257407488.0,39046636.0,0.3541163752
7,2,631599696,False,0.60983943939209,6870,5100,7810,0.00128170243333063,0.000688795815221965,0.302589178085327,439.301696777344,0.0001608320109375,100141599,1031,13059429376.0,190610096.0,57676552.0,131291.4375,0.2334973676
8,3,631606721,False,1.0,8490,1930,9220,1.0456189566581,0.0971008181748201,86.8810738876182,894.751203138141,0.13120752141875,100141599,409,270332975104.0,1103061568.0,95835173592.0,107108180.75,1.3512504208
9,3,631609655,False,0.459926307201385,6880,710,8310,0.0279075551908346,0.0154461725563079,4.93502120750394,319.497997935325,0.00350192689423828,100141599,1006,11784600576.0,185076000.0,913353985.0,2858715.83203125,0.2267181
10,1,631605711,False,0.252390623092651,10350,4500,5690,0.000133873297288078,4.15461249373069e-05,0.0115839424603878,278.821249343181,1.67988380561349e-05,100141599,165,39777264768.0,330075000.0,3823569.80761251,13713.3371886816,0.404341875
11,3,631606584,False,0.754779398441315,6330,3990,6210,0.0503860232520797,0.00414545431243288,2.03491898060453,490.879606247615,0.00632259503613281,100141599,362,160189480960.0,1245051008.0,2533577928.0,5161302.0703125,1.5251874848
12,1,631603580,False,0.0,0,0,0,0.0,0.0,0.0,0.0,0.0,100141599,580,5004562432.0,39566700.0,0.0,0.0,0.0484692075
13,1,631605272,False,0.184098169207573,10780,4910,5500,0.000219091455673022,0.00287284632213414,1.5311564207077,532.975402832031,2.74922778320312e-05,100141599,318,1161617792.0,7812000.0,11961394.0,22442.67578125,0.0095697
14,2,631596757,False,0.309766799211502,8610,3880,10470,0.000193111462672323,9.2321090050973e-05,0.0372047871351242,402.993347167969,2.42322274414062e-05,100141599,427,17489358848.0,214267504.0,7971776.5,19781.41015625,0.2624776924
15,1,631604663,False,0.226951315999031,2410,3890,4970,0.000607186715721465,8.39490257931175e-06,0.00211229082196951,251.615875244141,7.61916791015625e-05,100141599,507,851411599360.0,7408934912.0,15649825.0,62197.2890625,9.0759452672
16,3,631610031,False,0.572399318218231,9070,5550,6380,0.0332453389833863,0.00109297100519663,0.533147133595773,487.796227951954,0.00417172861964722,100141599,1117,343492913088.0,3115812528.0,1661186518.125,3405492.75073242,3.8168703468
17,3,631609033,False,1.0,9540,1660,6940,0.381653650278903,0.0676205498793457,123.298387289603,1823.38634497357,0.0478910880246094,100141599,851,147208544256.0,578149184.0,71284862000.0,39094765.734375,0.7082327504
18,1,631601775,False,0.0,0,0,0,0.0,0.0,0.0,0.0,0.0,100141599,1039,3634689792.0,36730800.0,0.0,0.0,0.04499523
19,1,631605755,False,0.319052159786224,5990,4190,5690,0.00090736537652011,0.000464689393993467,0.173259913921356,372.850982666016,0.000113859031835937,100141599,149,17607438336.0,200017792.0,34655064.0,92946.1484375,0.2450217952
20,3,631608640,True,1.0,7900,580,7380,0.99999997423792,0.999363694027619,7358.31369100576,7362.99881112391,0.12548310950475,100141599,695,754258123358.375,102500413.057449,754230192734.375,102435191.432449,0.125563005995375
21,1,631605048,False,0.207053691148758,9190,3810,1490,3.57414834247684e-05,0.000618798949290067,0.189488619565964,306.220031738281,4.48495259399414e-06,100141599,368,469606944.0,5916600.0,1121128.375,3661.18579101562,0.007247835
22,3,631607105,False,0.0,0,0,0,0.0,0.0,0.0,0.0,0.0,100141599,544,34507095040.0,278388000.0,0.0,0.0,0.3410253
23,1,631605692,False,0.0,0,0,0,0.0,0.0,0.0,0.0,0.0,100141599,177,2358226944.0,13496400.0,0.0,0.0,0.01653309
24,2,631601063,False,0.0793088674545288,7170,2500,6960,9.31123385396471e-05,3.08975177176762e-05,0.00525556830689311,170.096786499023,1.16840260742187e-05,100141599,10704,33185570816.0,308697312.0,1622379.875,9537.98046875,0.3781542072
25,3,631606634,False,0.293809771537781,11090,7210,5700,0.000778289698871384,0.000396278483344747,0.0589485272444309,148.755306487705,9.76622140258789e-05,100141599,379,11141423808.0,201182400.0,11859406.1875,79724.2563476562,0.24644844
26,1,631604556,False,0.0,0,0,0,0.0,0.0,0.0,0.0,0.0,100141599,551,13732826112.0,116853296.0,0.0,0.0,0.1431452876
27,1,631605988,False,4.34023422712926e-06,9010,4980,5580,3.81334844909788e-11,1.00010007220153e-10,1.20012009219295e-08,120.000007629395,4.78510833345354e-12,100141599,12,4742837760.0,39058200.0,0.468745321035385,0.00390621088445187,0.047846295
28,2,631597055,False,1.0,6610,3520,7840,8.21053435417739,0.0921833664178848,209.005401611328,2267.27905273438,1.030283408,100141599,549,3215469373952.0,9123638272.0,1906889719808.0,841047680.0,11.1764568832
29,3,631606144,False,0.298449397087097,8960,5680,5880,0.000460190914195119,0.000147553870429238,0.0356588173917283,241.666431981729,5.77461883666992e-05,100141599,100,48788128704.0,319474816.0,11392094.125,47139.7456054688,0.3913566496
30,3,631609629,False,0.0319888480007648,5660,6030,2950,1.78996671437713e-05,4.75481107823565e-06,0.00113428000732984,238.554169380529,2.24610595016479e-06,100141599,998,46358272000.0,385621184.0,437402.399414062,1833.55587768555,0.4723859504
31,1,631605182,False,0.111930437386036,8940,4190,1340,0.000149081299776292,0.000629679299890995,0.199494749307632,316.819610595703,1.8707185546875e-05,100141599,335,2191260672.0,24252300.0,4838206.5,15271.171875,0.0297090675
32,2,631595905,False,0.298449397087097,8960,5680,5880,0.000420807672751196,0.00026985234580934,0.0645396336913109,239.166473388672,5.2804256640625e-05,100141599,100,26333479744.0,159737408.0,10309394.0,43105.515625,0.1956783248
33,2,631596568,False,0.0,0,0,0,0.0,0.0,0.0,0.0,0.0,100141599,347,3969360384.0,49230000.0,0.0,0.0,0.06030675
34,2,631599422,False,0.0578497312963009,10600,3640,7050,4.7411426090799e-05,3.93344953408814e-06,0.000784231233410537,199.374923706055,5.94933332519531e-06,100141599,984,189183574016.0,1234691968.0,968284.0,4856.5986328125,1.5124976608
35,2,631597832,False,0.018196502700448,10890,4460,8460,6.36570120543179e-07,4.32572448971769e-07,8.71382217155769e-05,201.441909790039,7.9878800201416e-08,100141599,846,33150019584.0,150742800.0,13135.4599609375,65.2071838378906,0.18465993
36,2,631596926,False,0.969987273216248,5350,1560,6420,1.95649954165479,0.0182150823933763,13.1866387162013,723.94065705662,0.24550765255625,100141599,500,1510526337536.0,11002662844.0,145088139840.0,200414410.25,13.4782619839
37,3,631609573,False,1.0,7600,1340,6590,0.76376818250056,0.116690756117905,220.811745583131,1892.28138482556,0.09584000895,100141599,986,224596213760.0,670462208.0,148045930496.0,78236742.0,0.8213162048
38,1,631602192,False,0.0348400473594666,12450,3070,4960,1.55105640314539e-05,3.3517512747494e-06,0.000814320927020162,242.953857421875,1.94631385498047e-06,100141599,944,94590722048.0,474029088.0,386011.8125,1588.82763671875,0.5806856328
39,1,631603434,False,0.00438056327402592,8100,2390,4350,6.72569821708944e-08,7.45082715525314e-08,1.47835580719402e-05,198.414978027344,8.43961547613144e-09,100141599,628,12250886144.0,92466000.0,1366.97644042969,6.88948202133179,0.11327085
40,3,631606702,False,1.0,7590,740,7540,0.139088689235753,0.302145514763899,787.471824624174,2606.2668024032,0.017453281671875,100141599,401,42870139392.0,47154686.0,37132986624.0,14247576.875,0.05776449035
41,1,631605927,False,0.0,0,0,0,0.0,0.0,0.0,0.0,0.0,100141599,54,2133109376.0,22204800.0,0.0,0.0,0.02720088
42,2,631601084,False,0.979531943798065,8900,2160,9360,0.0944814923009243,0.145371809601784,120.208793640137,826.905822753906,0.01185583175,100141599,312782590,19744716800.0,66575700.0,8002984448.0,9678230.0,0.0815552325
43,3,631610300,False,0.146057888865471,7240,6280,7390,0.000306938859160328,8.63094612970426e-06,0.00161373576952823,186.970900440961,3.85156434675217e-05,100141599,278,386592604096.0,3642861528.0,5878615.95117188,31441.3416061401,4.4625053718
44,2,631596601,False,0.262784212827682,10600,4610,6340,9.7983959032475e-05,0.000472431944217533,0.199029490351677,421.287078857422,1.22953321777344e-05,100141599,358,2475880960.0,21245400.0,4228461.0,10037.005859375,0.026025615
45,1,631601759,False,0.0,0,0,0,0.0,0.0,0.0,0.0,0.0,100141599,1044,2789533440.0,27514800.0,0.0,0.0,0.03370563
46,3,631606229,False,0.650265514850616,9620,2540,9290,0.170836197057463,0.107865453476214,57.8544920983165,536.357936983729,0.021437057775,100141599,312782648,32422212608.0,162235808.0,9386070272.0,17499639.0,0.1987388648
47,2,631597622,False,0.851999282836914,2640,3930,6580,1.05357068503845,0.0406193920680005,24.9458136689791,614.135574141966,0.132205329047559,100141599,714,458181403384.0,2656925968.0,66279180130.0,107922717.589844,3.2547343108
48,2,631596294,False,0.852905750274658,7850,3670,10060,0.593050135372398,0.023298663483492,10.674342054936,458.152548642936,0.0744177769958984,100141599,247,393506519424.0,2607411612.0,27832403424.5,60749205.7109375,3.1940792247
49,3,631606507,False,0.0,0,0,0,0.0,0.0,0.0,0.0,0.0,100141599,334,65432860672.0,645989376.0,0.0,0.0,0.7913369856
50,1,631602071,False,0.635676741600037,2740,3900,4620,0.0312347848706183,0.0184623040258884,7.13132429122925,386.264068603516,0.00391943803125,100141599,969,20634275840.0,173301296.0,1235867776.0,3199541.25,0.2122940876
51,1,631603285,False,0.416584879159927,6650,480,4410,0.000689444363606892,0.00037037578294985,0.131181508302689,354.184906005859,8.65136248046875e-05,100141599,670,19502409728.0,190680304.0,25013730.0,70623.3671875,0.2335833724
52,2,631599944,False,1.0,7770,560,7500,0.466605100261612,0.592665374279022,1341.37170410156,2263.28662109375,0.0585510604,100141599,1066,119954735104.0,80647168.0,108177825792.0,47796784.0,0.0987927808
53,3,631606478,False,0.342301547527313,9500,4310,6440,0.000574967821983515,7.64166081601892e-05,0.0269695405520645,352.927736540326,7.21487520263672e-05,100141599,326,27995960064.0,770734816.0,20786363.875,58896.9404296875,0.9441501496
54,1,631602678,False,0.0,0,0,0,0.0,0.0,0.0,0.0,0.0,100141599,835,193074745344.0,1526124640.0,0.0,0.0,1.869502684
55,1,631603173,False,0.351392894983292,8350,2010,1260,0.00591537782002622,0.0119492737576365,4.00691890716553,335.327423095703,0.000742280021875,100141599,696,5536452608.0,50709600.0,203189264.0,605942.875,0.06211926
56,1,631604902,False,0.0950500667095184,7400,4960,5330,2.24703521448719e-05,7.29944149497896e-05,0.025523204356432,349.65966796875,2.81964973144531e-06,100141599,414,3147951616.0,31533300.0,804830.875,2301.7548828125,0.0386282925
57,3,631609831,False,0.211051657795906,10870,6700,6280,0.000549082956295787,2.38188912791065e-05,0.00806002358003962,338.387857167379,6.89006385070801e-05,100141599,1048,174973485056.0,2361378560.0,19032766.875,56245.4191894531,2.892688736
58,2,631596707,False,1.0,8470,1970,9240,0.783917053391179,0.235347324801114,237.700405110422,1009.99833038806,0.0983683519875,100141599,402,145875342592.0,341200800.0,81103568384.0,80300695.5,0.41797098
59,2,631595650,False,0.211383745074272,5400,7180,8290,0.00108666509600616,0.00023293068130744,0.0337983882858989,145.100628634186,0.00013635811875,100141599,21,14431642880.0,477879296.0,16151550.0,111312.75,0.5854021376
60,2,631601169,False,0.999621629714966,7450,4370,8250,0.109194658158252,0.061008658260107,87.6218109130859,1436.21923828125,0.0137020856,100141599,484682524,31515496448.0,183340800.0,16064652288.0,11185376.0,0.22459248
61,1,631602219,False,0.179526016116142,11080,5300,5430,0.000225221815807736,5.41372555938001e-05,0.0156315540347006,288.739313865233,2.82615345039368e-05,100141599,938,29419923456.0,426150904.0,6661400.8828125,23070.640411377,0.5220348574
62,3,631609466,False,0.996335446834564,8210,590,7080,0.490685124928533,0.0833623141090716,51.7716168657726,621.04342254744,0.06157269685,100141599,965,108668874752.0,602951424.0,31215770112.0,50263426.0,0.7386154944
63,3,631608700,False,0.411219924688339,12390,4960,4610,0.000562327109801728,0.000154316165996391,0.0639120320657112,414.162908033924,7.05625561145782e-05,100141599,720,50275113216.0,373273184.0,23856647.7050781,57602.0866241455,0.4572596504
64,2,631595724,False,0.980840444564819,4840,1810,5810,1.65799811324251,0.120528931259703,99.9802712588082,829.512634135793,0.2080507641625,100141599,39,367802245888.0,1409100344.0,140882234624.0,169837358.5,1.7261479214
65,2,631597038,False,0.718025028705597,7700,1680,5770,0.174847757768849,0.0420103222131729,22.0198345184326,524.152954101562,0.0219404409,100141599,542,59358769152.0,426337216.0,9387875328.0,17910564.0,0.5222630896
66,2,631600227,False,0.0,0,0,0,0.0,0.0,0.0,0.0,0.0,100141599,1106,28730232832.0,242915392.0,0.0,0.0,0.2975713552
67,2,631600572,True,0.0657799541950226,8230,710,7070,3.48604046137007e-06,1.0,7964.12953679831,7964.12953679831,4.37439208221435e-07,100141599,254,2843936.75,357.093231201172,2843936.75,357.093231201172,4.37439208221435e-07
68,3,631608480,False,0.171981185674667,5620,7180,7990,0.000102687347207178,1.52285595662502e-05,0.00246801724380853,162.065048442151,1.28855279663086e-05,100141599,639,57242576896.0,690728384.0,1704729.5625,10518.7983398438,0.8461422704
69,3,631608503,False,0.895486295223236,8400,2040,9120,0.0304359407746823,0.155690961298377,140.396047340824,901.761066731158,0.0038191965875,100141599,649,5796365568.0,20025000.0,2811430848.0,3117711.5,0.024530625
70,2,631599595,False,0.160530731081963,560,5610,5920,0.00016125814877758,8.97497739060782e-06,0.00105963367968798,118.065330505371,2.02351744628906e-05,100141599,1016,72746745856.0,1840507136.0,1950263.375,16518.509765625,2.2546212416
71,2,631595575,False,0.416881382465363,4860,2960,8270,0.00103430295025026,0.00206069182604551,0.813219964504242,394.634460449219,0.000129787553710937,100141599,2,4966757376.0,51414300.0,41811136.0,105949.0234375,0.0629825175
72,2,631597713,False,0.0,0,0,0,0.0,0.0,0.0,0.0,0.0,100141599,773,23205343232.0,127188896.0,0.0,0.0,0.1558063976
73,1,631603586,False,0.0,0,0,0,0.0,0.0,0.0,0.0,0.0,100141599,577,22043961344.0,235408496.0,0.0,0.0,0.2883754076
74,1,631605283,False,0.174091354012489,6320,4850,1840,0.000797843768354063,0.000416801340179518,0.124882213771343,299.620452880859,0.00010011591953125,100141599,314,15656815616.0,196082096.0,24487166.0,81727.28125,0.2402005676
75,3,631610403,False,0.0,0,0,0,0.0,0.0,0.0,0.0,0.0,100141599,606826651,14447332864.0,122205600.0,0.0,0.0,0.14970186
76,3,631608903,False,1.0,8010,440,7910,0.576128473568064,0.344283785480302,773.456028390309,2246.56536557851,0.0722943942,100141599,805,150864301056.0,171416240.0,132582924192.0,59015832.0,0.209984894
77,1,631604757,False,0.276675999164581,6100,2160,4800,0.000351976616001931,1.27920020531747e-05,0.00411619246006012,321.778564453125,4.41671213867187e-05,100141599,463,344907153408.0,2818541824.0,11601660.0,36054.79296875,3.4527137344
78,1,631601814,False,0.108600430190563,9360,3500,5530,2.76627261210153e-05,0.000149529121699743,0.0621416494250298,415.582244873047,3.47120498046875e-06,100141599,614454277,2865330176.0,18950400.0,1177609.125,2833.63671875,0.02321424
79,3,631608656,False,0.551951110363007,2310,3690,6570,0.0802855077012709,0.000197357601941154,0.076574969988968,388.001116935948,0.0100744754140625,100141599,698,4375527192064.0,41670862848.0,3190945072.0,8224061.5625,51.0468069888
80,1,631601810,False,0.0206452365964651,6000,490,4300,1.0058759851013e-06,7.64328262903291e-07,0.00010804822522914,141.363632202148,1.26220449638367e-07,100141599,1030,4429597184.0,134807392.0,14565.69921875,103.037101745605,0.1651390552
81,1,631602379,False,0.839253425598145,7890,1020,4550,0.247803562341167,0.136834681034088,107.67325592041,786.885681152344,0.03109516235,100141599,906,47224066048.0,185507104.0,19974154240.0,25383806.0,0.2272462024
82,3,631606211,False,0.321826785802841,11190,5130,5480,0.000349804763611641,0.000163145437015241,0.0573508655696293,351.532145911453,4.38945905883789e-05,100141599,169,31881323520.0,219634208.0,12596211.9375,35832.3188476562,0.2690519048
83,3,631606905,False,1.0,8070,1200,7280,0.119253857140995,0.486269809184414,1257.35600316988,2585.71677579317,0.0149643452,100141599,469,34450648128.0,25121428.0,31586578304.0,12215792.0,0.0307737493
84,3,631607126,False,0.00596261397004128,13140,7030,7400,1.3990704080397e-06,1.08935688460098e-06,0.000172882436383766,158.701375855435,1.75559709739685e-07,100141599,553,569521280.0,131558400.0,22744.13671875,143.31404876709,0.16115904
85,3,631609562,False,0.192940503358841,10580,3270,4490,0.000380749619175121,1.57942880263446e-05,0.00324960180675606,205.745380946313,4.77776473876953e-05,100141599,984,364767264768.0,2469383936.0,8024514.5,39002.1611328125,3.0249953216
86,2,631595655,False,1.0,7650,1230,7670,2.76078433602517,0.255796385653242,373.435846475416,1459.89492979641,0.34643181208125,100141599,22,598862084096.0,1105572616.0,412860445696.0,282801479.25,1.3543264546
87,2,631596445,False,0.610181748867035,3760,2440,5860,0.0191823451677215,0.0103811724111438,5.38445377349854,518.674926757812,0.00240706038125,100141599,304,23352424448.0,189279904.0,1019168896.0,1964947.25,0.2318678824
88,2,631599069,False,0.0,0,0,0,0.0,0.0,0.0,0.0,0.0,100141599,912,5423748608.0,54732600.0,0.0,0.0,0.067047435
89,1,631600592,False,0.153939366340637,3520,3590,4740,4.38905548113329e-05,0.00269443704746664,0.981225252151489,364.167083740234,5.5075234375e-06,100141599,527696977,105980848.0,1668600.0,1637272.5,4495.9375,0.002044035
90,1,631601687,False,0.272854804992676,3570,3540,5030,0.000505491397213651,0.000561093969736248,0.217739522457123,388.0625,6.3430633984375e-05,100141599,1054,10394303488.0,92284200.0,20093918.0,51780.109375,0.113048145
91,1,631603522,False,0.114973276853561,7200,3280,2980,0.000166180830517447,2.49897711910307e-05,0.0048814257606864,195.336944580078,2.0852887890625e-05,100141599,603,10130142208.0,681189312.0,3325175.0,17022.765625,0.8344569072
92,3,631606185,False,0.0124439327046275,12250,6760,7000,1.61344790709447e-06,4.26192003670279e-06,0.000661395709152716,155.187263828723,2.02460465621948e-07,100141599,135,3993792064.0,38779200.0,25648.396484375,165.273849487305,0.04750452
93,2,631596656,False,0.00406814645975828,13110,5100,6480,1.09694449915266e-07,1.11913595901569e-06,0.000141170996357687,126.142860412598,1.37648010253906e-08,100141599,380,422627328.0,10040400.0,1417.41333007812,11.236572265625,0.01229949
94,3,631609920,False,0.397647649049759,3720,3710,6480,0.00230423986552896,0.0242206684123979,9.06774173439232,374.380325926546,0.000289143190820312,100141599,1081,915369632.0,9745200.0,88366956.75,236035.2578125,0.01193787
95,3,631610343,False,0.0973158776760101,9000,5610,5850,2.9901870634169e-05,0.000106594139644366,0.0246907042310041,231.632848798073,3.75217980384827e-06,100141599,607344850,4480807424.0,28735200.0,709492.32421875,3063.00392150879,0.03520062
96,3,631606647,False,0.33451721072197,7790,1760,7750,0.00794385213532289,8.87140506078773e-05,0.0410623830033835,462.862226693743,0.000996819293066406,100141599,382,1226054303744.0,9172504576.0,376644896.0,813730.03515625,11.2363181056
97,2,631596063,False,0.306631982326508,5950,4650,5800,0.00165158614096136,0.000845827511511743,0.276475369930267,326.869689941406,0.000207246169921875,100141599,149,19496185856.0,200017792.0,55299992.0,169180.546875,0.2450217952
98,3,631606422,False,1.0,8370,1300,7640,0.286282266225429,0.198111259059293,245.109092422351,1237.22949208552,0.0359235898875,100141599,305,57920120832.0,148024800.0,36282224384.0,29325379.5,0.18133038
99,3,631606192,False,0.169070407748222,10520,3840,5860,0.000453308061157057,5.36741997011707e-05,0.0105491748506124,196.540887602323,5.68825065429687e-05,100141599,145,17647524608.0,865121408.0,9126317.0,46434.69921875,1.0597737248
100,2,631599151,False,0.342342227697372,6180,1120,8480,0.00294865606482364,0.00202492391690612,0.842282593250275,415.957611083984,0.00037000654140625,100141599,182305697,23844415488.0,149164192.0,125638400.0,302046.15625,0.1827261352
101,3,631609006,False,0.524398446083069,9790,2340,8690,0.0220305987283742,0.00268787493162602,1.19036532300131,442.864847986511,0.00276446810390625,100141599,843,110331813888.0,839588416.0,999416936.0,2256708.65625,1.0284958096
102,3,631609716,False,0.886421978473663,7920,2980,7250,0.0649786243911539,0.0359903876799796,58.53008423357,1626.26990167513,0.00815372005,100141599,1029,35291729920.0,184940992.0,10824611840.0,6656098.0,0.2265527152
103,3,631606891,False,0.958444118499756,7340,2050,8550,0.0754356053605407,0.00616513139812283,8.83988865652333,1433.85243325307,0.009465894571875,100141599,466,114381729792.0,1253381376.0,11079751808.0,7727260.875,1.5353921856
104,3,631609620,True,1.0,7900,580,7380,1.00000005787666,0.999363748923712,7358.3125747314,7362.99728968167,0.12548312,100141599,997,754258018304.0,102500416.0,754230099968.0,102435200.0,0.1255630096
105,1,631602202,False,0.0507746711373329,6730,5250,1720,2.22435619978409e-05,1.81320629092042e-06,0.000446827507746723,246.4294934251,2.79119139785767e-06,100141599,942,95874408448.0,1256626784.0,561495.4140625,2278.52359008789,1.5393678104
106,1,631605153,False,0.0,0,0,0,0.0,0.0,0.0,0.0,0.0,100141599,342,172237324288.0,1362200448.0,0.0,0.0,1.6686955488
107,3,631609412,False,0.837862491607666,7720,3130,9910,0.0736117388008719,0.0281398910817339,11.4006963365009,405.143584365234,0.00923703011875,100141599,954,40136855552.0,267962400.0,3054957952.0,7540432.75,0.32825394
108,2,631599438,False,1.0,8790,6120,6610,0.30325553779558,0.0119126851898683,16.6751541677952,1399.78131731185,0.0380534488374608,100141599,987,324179296768.0,2607643816.0,43482862646.4978,31064039.8673149,3.1943636746
109,3,631608476,False,0.356185913085938,4250,4100,8840,0.00126676394879539,0.000328554963272425,0.145577628670403,443.08455188271,0.000158957483398437,100141599,638,22867895040.0,394945216.0,57495188.0,129761.2109375,0.4838078896
110,3,631609781,False,0.450232326984406,7180,2400,9900,0.00226266812598745,0.00022064579430173,0.1057399007488,479.229169463354,0.000283926639540732,100141599,1035,157576732672.0,1050447616.0,111074226.657654,231776.848604679,1.2867983296
111,1,631603504,False,0.117959685623646,7380,4690,5690,2.57680926388721e-05,4.42266173195094e-05,0.0110258450731635,249.303375244141,3.23346047363281e-06,100141599,609,4988283904.0,59682600.0,658051.125,2639.5595703125,0.073111185
112,1,631605226,False,0.0324719846248627,6540,6480,3240,9.94680969352705e-06,2.95043628284475e-06,0.000502965995110571,170.471725463867,1.24815664215088e-06,100141599,327,36507672576.0,345339904.0,173694.21875,1018.90338134766,0.4230413824
113,2,631599820,False,0.799534440040588,3530,3640,6540,0.022539221221086,0.0250184703618288,9.6013708114624,383.771270751953,0.0028282916375,100141599,1054,10475549696.0,92284200.0,886054784.0,2308809.5,0.113048145
114,2,631595791,False,0.438609629869461,8490,4770,7020,0.00118531336605734,0.00622301176190376,3.30825757980347,531.616821289062,0.000148736810742187,100141599,58,2397358336.0,19511100.0,64547744.0,121417.8046875,0.0239010975
115,2,631597180,False,0.406072288751602,8080,4160,5930,0.0013565631788929,0.00334299984388053,1.93396306037903,578.51123046875,0.0001702257703125,100141599,587,6792994816.0,41567400.0,80389816.0,138959.8125,0.050920065
116,1,631604968,False,0.38925313949585,9550,2460,2350,0.00149024800639912,0.0385401919484138,15.6536197662354,406.163543701172,0.00018700095859375,100141599,393,572101120.0,3960900.0,62002424.0,152653.84375,0.0048521025
117,1,631601376,False,0.0,0,0,0,0.0,0.0,0.0,0.0,0.0,100141599,1102,919751552.0,743256000.0,0.0,0.0,0.9104886
118,2,631597503,False,0.608005225658417,6930,890,8340,0.0268739813982427,0.0144369471818209,6.34938335418701,439.800964355469,0.0033722308375,100141599,670,24299202560.0,190680304.0,1210702336.0,2752841.5,0.2335833724
119,1,631603543,False,0.229681357741356,4090,6230,5670,0.000374887633572848,0.000115330978587735,0.0253952872008085,220.194854736328,4.70420671875e-05,100141599,596,37130215424.0,332969408.0,8455854.0,38401.6875,0.4078875248
120,1,631605865,False,0.0,0,0,0,0.0,0.0,0.0,0.0,0.0,100141599,102,4305397760.0,50563800.0,0.0,0.0,0.061940655
121,1,631604625,False,0.130345612764359,10210,4260,1730,0.000171174212445523,3.12695847242139e-05,0.00635741883888841,203.309997558594,2.14794729980469e-05,100141599,526,45083508736.0,560745024.0,3564891.0,17534.263671875,0.6869126544
122,3,631609911,False,0.904057860374451,7910,3720,7810,0.0458292082746299,0.0188686953023638,28.1056339014914,1489.53774763486,0.00575079170859375,100141599,1079,43742783488.0,248799600.0,6992670472.4375,4694523.84375,0.30477951
123,2,631597475,False,0.259225994348526,4340,4000,8510,0.000233375448660141,0.00135024730116129,0.41183203458786,305.0048828125,2.9284677734375e-05,100141599,662,1675599616.0,17704800.0,7291404.0,23905.859375,0.02168838
124,2,631597800,False,0.27103516459465,7950,3290,6070,0.000563334866784475,0.000612440635450184,0.232469990849495,379.579650878906,7.06890125976562e-05,100141599,832,3974103680.0,94221896.0,21903764.0,57705.31640625,0.1154218226
125,2,631597394,False,0.171981185674667,5620,7180,7990,7.05865492865725e-05,2.09360059670871e-05,0.00368266785517335,175.901168823242,8.857419921875e-06,100141599,639,27956074496.0,345364192.0,1271861.625,7230.546875,0.4230711352
126,1,631602405,False,0.558144927024841,10000,2290,2730,0.0152155395821647,0.0142644122242928,5.77991771697998,405.198425292969,0.00190929326875,100141599,902,16094834688.0,109265400.0,631545024.0,1558606.75,0.133850115
127,1,631605705,False,0.321826785802841,11190,5130,5480,0.000320277076923235,0.000298748025670648,0.105920009315014,354.546295166016,4.01893645507812e-05,100141599,169,15645528064.0,109817104.0,11631829.0,32807.64453125,0.1345259524
128,1,631605922,False,0.0,0,0,0,0.0,0.0,0.0,0.0,0.0,100141599,58,2242806784.0,19511100.0,0.0,0.0,0.0239010975
129,3,631609048,False,0.622798204421997,6830,3950,1470,0.00355376791687714,0.000756380102643037,0.261764418804985,346.075231077993,0.00044593786015625,100141599,857,51810310144.0,481280384.0,125982080.0,364030.90625,0.5895684704
130,1,631596347,False,0.403066128492355,8600,1900,1570,0.00146324404281925,0.00284075108356774,1.13596165180206,399.880737304688,0.0001836124171875,100141599,312782582,7580243456.0,52763400.0,59937200.0,149887.6875,0.064635165
131,2,631599138,False,0.862860858440399,9860,4220,9470,0.214357529402408,0.00972244588126422,4.34553866971299,446.959409471964,0.026898250028125,100141599,926,261374627840.0,2258460000.0,9814225264.0,21957755.125,2.7666135
132,1,631603363,False,0.174250856041908,5360,1630,4420,0.000291685714888925,2.02874070964754e-05,0.00919786654412746,453.378143310547,3.66016314453125e-05,100141599,648,87477116928.0,1472779776.0,13546432.0,29878.8828125,1.8041552256
133,3,631606265,False,0.225317925214767,12600,7110,6720,9.42446924191493e-05,1.88274479528534e-05,0.00229883061693414,122.099958671549,1.1826117363739e-05,100141599,235,25036839856.0,512760592.0,1178749.74804688,9653.9733581543,0.6281317252
134,3,631608872,False,0.157198294997215,11970,5140,3570,3.29647814385575e-05,2.31349572674588e-06,0.000399797588345833,172.811033849706,4.13652338562012e-06,100141599,794,5651448320.0,1459589376.0,583540.3125,3376.75378417969,1.7879969856
135,2,631597672,False,0.0,0,0,0,0.0,0.0,0.0,0.0,0.0,100141599,744,1353585024.0,30121200.0,0.0,0.0,0.03689847
136,3,631606250,False,0.0586009360849857,11690,4620,7270,1.70293218243971e-05,2.58752132490597e-06,0.000509665443345861,196.97052868323,2.13689231033325e-06,100141599,225,84909051904.0,674159424.0,343595.76171875,1744.40188598633,0.8258452944
137,3,631609248,False,0.625776171684265,9600,4060,9640,0.17663190381686,0.00315199362559638,1.2101731579059,383.938961068465,0.0221643210996826,100141599,918,556513341440.0,5740279168.0,6946731768.0,18093323.3466797,7.0318419808
138,1,631605244,False,0.372922539710999,9170,3260,4830,0.00590043901363175,6.30642035583969e-05,0.0239917951701097,380.434443255808,0.000740405453948039,100141599,323,1316146914112.0,9584083860.0,229939376.862274,604412.615467787,11.7405027285
139,1,631602855,False,0.323179692029953,12860,7440,5310,0.00164225661429171,0.000101164412626531,0.021043673157692,208.014587402344,0.000206075471875,100141599,784,38538742688.0,1662885888.0,34993228.0,168224.875,2.0370352128
140,3,631609383,False,0.515908420085907,7200,6140,6390,0.00567722210055009,0.000913804132360476,0.434609006263305,475.604115666071,0.000712395500878906,100141599,946,70670759936.0,636402624.0,276586312.0,581547.34765625,0.7795932144
141,2,631597445,False,0.0691047683358192,5230,2530,9190,2.03539139228809e-06,8.45283977923827e-07,0.000307573995087296,363.87060546875,2.55407247543335e-07,100141599,654,54711267328.0,246657600.0,75865.4609375,208.495712280273,0.30215556
142,3,631606839,False,0.0186127759516239,11530,6320,7770,4.42064492058974e-06,5.04977093963471e-07,7.78073458710215e-05,154.08094109839,5.54716284942627e-07,100141599,445,96888504320.0,896732992.0,69772.4140625,452.829620361328,1.0984979152
143,1,631605116,False,0.0,0,0,0,0.0,0.0,0.0,0.0,0.0,100141599,350,1355168512.0,12030300.0,0.0,0.0,0.0147371175
144,1,631601127,False,0.0,0,0,0,0.0,0.0,0.0,0.0,0.0,100141599,526157192,21995669504.0,167212800.0,0.0,0.0,0.20483568
145,3,631606603,False,0.65769624710083,6190,1780,7770,0.105166853563818,0.00317545665575439,1.52049033606639,478.82572521059,0.0131966641419922,100141599,369,373801199104.0,3392515856.0,5158287574.0,10772787.0546875,4.1558319236
146,1,631602789,False,0.197702124714851,6180,3470,5040,7.9577866695588e-05,6.69176588417031e-05,0.0222817063331604,332.972015380859,9.98567841796875e-06,100141599,802,8765235200.0,121815000.0,2714246.0,8151.57421875,0.149223375
147,1,631603492,False,0.494336009025574,8560,1870,2170,0.0139066449564899,0.0100648663938046,4.3731484413147,434.496398925781,0.001745049096875,100141599,613,23610200064.0,141534896.0,618953088.0,1424529.875,0.1733802476
148,1,631603123,False,0.0352392457425594,3570,3840,5670,1.49406784242401e-05,2.24856721615652e-05,0.00298935058526695,132.944686889648,1.87480283508301e-06,100141599,707,8312093184.0,68063400.0,203465.359375,1530.45129394531,0.083377665
149,3,631606204,False,0.549011051654816,2650,4630,6190,0.00581726530219683,0.000135936352498651,0.0503356128301005,370.288093691495,0.000729968557739258,100141599,159,469454946304.0,4383615488.0,220651972.0,595892.700195312,5.3699289728
150,3,631608975,False,0.984755635261536,9800,1580,7020,0.0348861761908216,0.0109916230869199,13.941232580252,1268.35067669325,0.00437762597993164,100141599,834,30473584640.0,325117792.0,4532542754.25,3573572.22851562,0.3982692952
151,3,631609748,False,0.621243238449097,5890,2110,7530,0.0147044187110653,0.0228498046768336,10.5928130631861,463.584403149216,0.00184515623085937,100141599,1026,6303828224.0,65919600.0,698274000.0,1506249.984375,0.08075151
152,2,631599378,False,0.0792889222502708,10570,3800,6040,2.82077973063868e-05,4.80739663544227e-06,0.00140110868960619,291.448516845703,3.53960220947266e-06,100141599,976,72957804544.0,601046976.0,842132.125,2889.47119140625,0.7362825456
153,3,631608495,False,0.0466351620852947,8140,7060,2440,5.85959001935888e-05,2.67016331105221e-06,0.000393025711345038,147.191637948977,7.35279594994485e-06,100141599,647,182366646272.0,2247908352.0,883485.779083252,6002.28240811825,2.7536877312
154,1,631606006,False,0.176775217056274,7540,6560,4430,7.16267362924002e-05,0.000151246393215843,0.0251100603491068,166.020889282227,8.98794582519531e-06,100141599,1,2665724416.0,48510900.0,1218111.625,7337.0986328125,0.0594258525
155,3,631608435,False,0.733205437660217,7930,1220,4890,0.0489660662575029,0.115386438923395,88.4466248907292,766.525301551672,0.0061444144125,100141599,622,10193399808.0,43470000.0,3844774784.0,5015848.5,0.05325075
156,2,631597013,False,1.0,8010,440,7910,3.08420861466626,0.741466916609583,2366.77457846071,3192.0164277632,0.3870160973,100141599,533,1049687797824.0,426089824.0,1008458563584.0,315931508.0,0.5219600344
157,2,631599355,False,0.631838381290436,3550,2600,5840,0.185015632779406,0.0174725521862731,8.26325009760675,472.92748131544,0.02321633750625,100141599,972,138289898496.0,1084679104.0,8962974712.0,18952112.25,1.3287319024
158,2,631599214,False,0.335532605648041,8000,5130,9750,0.00281568371140933,0.000229523284951624,0.0726363214298638,316.466024112425,0.000353320756591797,100141599,942,115842306048.0,1256626784.0,91276747.0,288425.107421875,1.5393678104
159,3,631608907,False,0.494321078062057,7810,1600,9730,0.00796087589407161,0.000422173007880236,0.159514435865932,377.841389403046,0.000998955487304687,100141599,806,225151590400.0,1931610624.0,308119779.0,815473.8671875,2.3662230144
160,3,631606138,False,0.0656191036105156,11700,5120,7980,3.4567830270091e-05,6.42670449255362e-06,0.00104813748242248,163.090971996132,4.33767894287109e-06,100141599,96,83288522752.0,550976384.0,577499.0,3540.96240234375,0.6749460704
161,3,631608446,False,1.0,8150,2400,6620,0.241844076287062,0.13395921143708,312.726945120241,2334.49377437645,0.0303473474896155,100141599,628,84673785856.0,184932000.0,57833219414.9764,24773344.889482,0.2265417
162,2,631596711,False,0.146057888865471,7240,6280,7390,0.000115965916974378,1.30129119497724e-05,0.00214376649819314,164.741485595703,1.45517642333984e-05,100141599,403,84140556288.0,912861888.0,1956962.75,11878.9912109375,1.1182558128
163,1,631596316,False,0.439215779304504,9060,2480,2010,0.0142349391068047,0.0408392921090126,15.4547071456909,378.427398681641,0.00178624446875,100141599,312782594,4740689408.0,35704800.0,551807232.0,1458158.75,0.04373838
164,1,631605831,False,0.0660601258277893,6580,5310,990,7.73641909873816e-05,4.17277624364942e-05,0.00677079893648624,162.261245727539,9.70789949951172e-06,100141599,120,9924644864.0,189917104.0,1285890.5,7924.81591796875,0.2326484524
165,3,631608735,False,0.0,0,0,0,0.0,0.0,0.0,0.0,0.0,100141599,732,7816680192.0,69262200.0,0.0,0.0,0.084846195
166,2,631597762,False,0.494321078062057,7810,1600,9730,0.00790933911771894,0.000838879903312773,0.317321866750717,378.268493652344,0.0009924884921875,100141599,806,149679259648.0,965805312.0,306471136.0,810194.6875,1.1831115072
167,2,631596452,False,0.319542825222015,10780,6620,5910,0.000670863560961334,0.000286334223346785,0.0870455950498581,303.999969482422,8.41820478515625e-05,100141599,307,16291042304.0,239999392.0,20890890.0,68720.0390625,0.2939992552
168,2,631596734,False,0.933611333370209,7340,1530,8110,0.775469046259989,0.173458956246481,128.990121917732,743.634832752252,0.09730826975625,100141599,417,138053951488.0,457948808.0,59070872576.0,79435322.25,0.5609872898
169,1,631605902,False,0.448014587163925,6830,2510,2900,0.011308120693699,0.000431942446693048,0.168380057460363,389.820585472628,0.0014189781838562,100141599,73,45015680461.5,2681721944.0,451548495.023438,1158349.5378418,3.2851093814
170,2,631597801,False,0.984755635261536,9800,1580,7020,0.034753653588227,0.0218997374176979,27.8686714172363,1272.55725097656,0.00436099663125,100141599,834,18933749760.0,162558896.0,4530300416.0,3559997.25,0.1991346476
171,3,631606181,False,0.302241414785385,7930,2560,5840,0.000556579185423949,7.10827669387183e-05,0.0166172180229281,233.772807933237,6.9841288671875e-05,100141599,129,12450503680.0,802069184.0,13328158.5,57013.296875,0.9825347504
172,3,631608570,False,0.747407913208008,6890,390,6720,0.367014114053396,0.0823432517154131,50.9852559277249,619.179530387447,0.04605407345,100141599,671,72116058112.0,456566400.0,23278154752.0,37595162.0,0.55929384
173,3,631606370,False,1.0,7500,1010,7740,0.585957258578207,0.187738436385035,351.169153571054,1870.5234811418,0.0735277407375,100141599,312782562,164910409728.0,319714208.0,112273767808.0,60022645.5,0.3916499048
174,1,631602477,False,0.108974888920784,9430,3630,1030,5.97095217201391e-05,4.08030464313924e-05,0.0115885846316814,284.012725830078,7.49253664550781e-06,100141599,888,14535659520.0,149899504.0,1737123.125,6116.3564453125,0.1836268924
175,2,631598902,False,0.315076112747192,10530,4040,5950,0.000638472502350291,0.00140106328763068,0.781792163848877,557.999145507812,8.01175169921875e-05,100141599,880,7109922304.0,46680300.0,36494292.0,65402.0546875,0.0571833675
176,1,631601320,False,0.431627839803696,6850,1070,4390,0.0031614711055684,0.00203865533694625,0.829872608184814,407.068603515625,0.00039671123515625,100141599,1111,24295145472.0,158852704.0,131827504.0,323845.90625,0.1945945624
177,1,631603083,False,0.566106140613556,3570,4330,4380,0.0177701094230681,0.00148273205037678,0.693565611978323,467.76193433067,0.0022298486440918,100141599,723,174045957504.0,1227655804.0,851459849.0,1820284.60742188,1.5038783599
178,3,631608473,False,1.0,6500,3450,7430,0.662195632407553,0.0155086969260184,17.1321742827941,1104.68173854453,0.0830943691956482,100141599,637,719209686528.0,4373812864.0,74932924266.375,67832138.1188965,5.3579207584
179,1,631605958,False,0.52778160572052,6060,2200,5450,0.0987161440622874,0.00405626117391434,1.72526204081919,425.33307566936,0.012387209034375,100141599,31,339762724992.0,2492937940.0,4300971198.0,10112007.375,3.0538489765
180,2,631596094,False,0.00033641661866568,4610,4880,9740,4.95025718024944e-09,1.40217015776045e-09,2.12089048545749e-07,151.257705688477,6.21173679828644e-10,100141599,163,38910046208.0,361639808.0,76.6998443603516,0.507080554962158,0.4430087648
181,2,631599038,False,0.457971066236496,6410,4280,6360,0.00748927353000687,0.00715970434248447,3.59479689598083,502.087341308594,0.0009397773546875,100141599,907,15947505664.0,107150400.0,385183936.0,767165.1875,0.13125924
182,1,631605898,False,0.0,0,0,0,0.0,0.0,0.0,0.0,0.0,100141599,75,489097344.0,5153400.0,0.0,0.0,0.006312915
183,2,631596410,False,0.580521643161774,9060,2420,9850,0.0700190404774469,0.0167911518365145,7.02541446685791,418.399810791016,0.00878620715,100141599,289,52821913600.0,427154400.0,3000936704.0,7172414.0,0.52326414
184,1,631605821,False,0.026113998144865,9950,4950,3650,2.37958856370323e-06,3.09164465761569e-06,0.000619359372649342,200.333312988281,2.98598180007935e-07,100141599,123,11081001984.0,78842704.0,48831.96875,243.753616333008,0.0965823124
185,2,631595630,False,0.465655654668808,6030,4260,6070,0.00762759818129932,0.00755070149898529,2.9593620300293,391.932067871094,0.0009571347625,100141599,15,12588418048.0,103478400.0,306230048.0,781334.5,0.12676104
186,3,631606187,False,1.0,7050,2890,7000,2.05357282269632,0.0760003307021546,186.27737164131,2451.00738273537,0.257688710024979,100141599,138,918476278784.0,2767858096.0,515589331199.002,210358130.632636,3.3906261676
187,3,631609608,False,0.969987273216248,5350,1560,6420,1.64120515049146,0.0142603598963938,10.4226785508548,730.884677987019,0.205943530924414,100141599,993,1308442678528.0,11789125192.0,122874262272.0,168117168.101562,14.4416783602
188,3,631606129,False,0.0,0,0,0,0.0,0.0,0.0,0.0,0.0,100141599,88,72301686784.0,639534592.0,0.0,0.0,0.7834298752
189,3,631606362,False,1.0,7960,340,7490,0.266509163403089,0.22517774062508,398.956665543469,1771.74113407475,0.033442399396875,100141599,281,63278587904.0,121237196.0,48368387456.0,27299917.875,0.1485155651
190,1,631604850,False,0.48393577337265,7420,380,4680,0.0439442717008247,0.010286595672369,4.35386848449707,423.256500244141,0.005514264,100141599,434,59377532928.0,437602496.0,1905263744.0,4501440.0,0.5360630576
191,3,631609758,False,0.207831561565399,9250,3420,5960,0.000111105793842254,0.000300287686663276,0.136059195980032,453.096154197626,1.39419008544922e-05,100141599,614454277,5664719616.0,37900800.0,5156752.375,11381.1435546875,0.04642848
192,1,631601649,False,0.0,0,0,0,0.0,0.0,0.0,0.0,0.0,100141599,1060,191615328.0,3118500.0,0.0,0.0,0.0038201625
193,1,631605909,False,0.146182999014854,8480,3760,5280,2.03777514623189e-05,5.81811182200909e-05,0.0180828161537647,310.802154541016,2.55706368408203e-06,100141599,67,4139826176.0,35877600.0,648768.0625,2087.39892578125,0.04395006
194,1,631601901,False,0.235207751393318,10780,3550,2890,0.00073508114442601,2.93763841909822e-05,0.00610660901293159,207.874755859375,9.22402701171875e-05,100141599,1007,260235739136.0,2563221504.0,15652591.0,75298.1796875,3.1399463424
195,2,631597776,False,0.728889882564545,6700,4180,8530,0.0186331558679893,0.00213314644246481,2.20431171796068,1033.3616455388,0.0023381463984375,100141599,818,84486886400.0,894777264.0,1972368008.0,1908690.9375,1.0961021484
196,2,631600020,False,0.904057860374451,7910,3720,7810,0.0457766253337878,0.0376940928399563,56.2039947509766,1491.05578613281,0.0057441934375,100141599,1079,26066116608.0,124399800.0,6991765504.0,4689137.5,0.152389755
197,3,631608893,False,0.728889882564545,6700,4180,8530,0.032596492460617,0.000396167252806324,0.289969229887282,731.93639260497,0.00409030933828125,100141599,803,871186657792.0,8428329216.0,2443956132.0,3339028.03125,10.3247032896
198,2,631600882,False,0.23397034406662,2300,3590,6760,0.000922901036862372,0.000322198047606685,0.144101321015668,447.244550629853,0.000115808494854116,100141599,151,19550833920.0,293414400.0,42281402.6450195,94537.5468196869,0.35943264
199,1,631602125,False,0.124011509120464,13130,4560,4370,0.000100970746446811,1.04877917692647e-05,0.00374678033404052,357.251586914062,1.26701235595703e-05,100141599,957,170640916480.0,986190272.0,3695038.25,10342.9580078125,1.2080830832
200,1,631605599,False,0.181417375802994,7420,3120,4310,0.000392298718002063,7.43745113140903e-05,0.0199877060949802,268.744018554688,4.92268642578125e-05,100141599,218,67224047616.0,540308672.0,10799531.0,40185.1953125,0.6618781232
201,2,631605615,False,0.590041100978851,9940,2450,9510,0.102025754866204,0.0621022619307041,22.9111461639404,368.926086425781,0.0128025093,100141599,312782636,23176683520.0,168287392.0,3855656960.0,10451028.0,0.2061520552
202,1,631604870,False,0.0,0,0,0,0.0,0.0,0.0,0.0,0.0,100141599,428,277421376.0,3748500.0,0.0,0.0,0.0045919125
203,2,631597104,True,1.0,7900,580,7380,0.99999997423792,0.999363694027619,7358.31369100576,7362.99881112391,0.12548310950475,100141599,567,754258123358.375,102500413.057449,754230192734.375,102435191.432449,0.125563005995375
204,1,631604798,False,0.0,0,0,0,0.0,0.0,0.0,0.0,0.0,100141599,449,1606175744.0,29116800.0,0.0,0.0,0.03566808
205,3,631610227,False,0.549240410327911,5230,2840,6110,0.00237257989694802,0.000479131818447949,0.200647045034131,418.772115122904,0.000297718710687351,100141599,250,38226624512.0,507241792.0,101776566.682617,243035.682193756,0.6213711952
206,2,631596491,False,1.0,7210,1750,8360,1.43024464529783,0.0133968669694408,11.4521776123096,854.83998896405,0.179471550068051,100141599,322,1768750684416.0,10935944064.0,125240373779.211,146507387.810654,13.3965314784
207,1,631605896,False,0.322971314191818,10420,4450,2960,0.00418185313537303,0.000870072806719691,0.133844181895256,153.831024169922,0.0005247519484375,100141599,78,12530364416.0,492336896.0,65896432.0,428368.9375,0.6031126976
208,2,631599737,False,0.29640120267868,11200,5760,9770,0.00128651782543753,5.11167272634339e-05,0.0123634058982134,241.866149902344,0.000161436261328125,100141599,1041,228523638784.0,2578113024.0,31874258.0,131784.703125,3.1581884544
209,1,631602226,False,0.232595756649971,12220,1560,4970,0.000687063818866282,4.68997750431299e-05,0.0131813222542405,281.053009033203,8.6214906640625e-05,100141599,936,240573464576.0,1500636544.0,19780374.0,70379.515625,1.8382797664
210,2,631597643,False,0.999510824680328,7090,2840,6820,0.0617122138904671,0.00212936317684857,2.29703427273783,1078.74236659685,0.00774384069289551,100141599,726,305204932608.0,2968729184.0,6819272682.125,6321502.60644531,3.6366932504
211,2,631597022,False,0.0,0,0,0,0.0,0.0,0.0,0.0,0.0,100141599,536,71340986368.0,592649984.0,0.0,0.0,0.7259962304
212,1,631603324,False,0.0099028404802084,4790,3390,1480,8.17629122119507e-07,1.24308385807126e-07,1.41576610985794e-05,113.891441345215,1.0259864730835e-07,100141599,657,596538240.0,673759808.0,9538.86328125,83.7539978027344,0.8253557648
213,1,631604718,False,0.63624495267868,4970,3230,4340,0.270660296505874,0.00137030601035804,0.578978717327118,422.517822265625,0.0339632965,100141599,477,2238532319808.0,20232808448.0,11714365440.0,27725140.0,24.7851903488
214,2,631599992,False,0.29640120267868,11200,5760,9770,0.00278116903617388,2.04502504671824e-05,0.00580204745128974,283.715226891749,0.00034898974770813,100141599,1073,2197060960256.0,13930860672.0,80827514.65625,284889.58996582,17.0653043232
215,2,631597255,False,0.0656191036105156,11700,5120,7980,5.50687088367461e-05,7.6938783910522e-06,0.00124452413698263,161.755108896701,6.91019299926758e-06,100141599,607,80180686848.0,733176896.0,912456.34375,5640.97387695312,0.8981416976
216,1,631602636,False,0.145690679550171,6910,4200,1730,0.000421797246582914,0.00184085464570671,0.544204533100128,295.626037597656,5.29284314453125e-05,100141599,849,2152305408.0,23471100.0,12773079.0,43206.8828125,0.0287520975
217,1,631605344,False,0.0,0,0,0,0.0,0.0,0.0,0.0,0.0,100141599,295,100010897408.0,855126912.0,0.0,0.0,1.0475304672
218,3,631606290,False,0.549043715000153,8730,2360,9350,0.0140981715375429,0.0994428563804881,60.6727262711398,610.126543821246,0.0017690824484375,100141599,312782598,2542402496.0,14522400.0,881113600.0,1444148.9375,0.01778994
219,3,631606115,False,1.0,6750,2600,8470,0.140687181472451,0.00268695245786597,4.34840244726572,1618.33992802363,0.0176538654534225,100141599,73,112146431652.5,5363443888.0,23322412528.3516,14411318.7374878,6.5702187628
220,3,631609288,False,0.553217113018036,5860,1890,6420,0.00934163310446869,0.0430181079282876,19.5766547086008,455.079399150601,0.0011722172,100141599,927,2461663616.0,22244400.0,435470938.0,956912.0,0.02724939
221,1,631604875,False,0.0,0,0,0,0.0,0.0,0.0,0.0,0.0,100141599,427,19885295616.0,214267504.0,0.0,0.0,0.2624776924
222,2,631596608,False,0.754779398441315,6330,3990,6210,0.0499155348545187,0.00821349117904902,4.03933191299438,491.792358398438,0.0062635566875,100141599,362,79140569088.0,622525504.0,2514587136.0,5113107.5,0.7625937424
223,2,631601013,False,1.0,7500,1010,7740,0.556205633390911,0.356412261724472,693.616027832031,1946.10595703125,0.0697944142,100141599,312782562,138797088768.0,159857104.0,110879449088.0,56975032.0,0.1958249524
224,2,631597721,False,0.0,0,0,0,0.0,0.0,0.0,0.0,0.0,100141599,780,41612926976.0,434996096.0,0.0,0.0,0.5328702176
225,2,631595676,False,0.995280086994171,7800,3890,8220,0.0676892455064561,0.225202545523643,454.770355224609,2019.38366699219,0.008493857225,100141599,27,19445018624.0,30789000.0,14001924096.0,6933761.0,0.037716525
226,2,631597819,False,0.524398446083069,9790,2340,8690,0.0186410517138198,0.00454865675419569,2.08663058280945,458.735565185547,0.00233913719375,100141599,843,57814958080.0,419794208.0,875955456.0,1909499.75,0.5142479048
227,1,631605917,False,0.0,0,0,0,0.0,0.0,0.0,0.0,0.0,100141599,62,1574061568.0,67094100.0,0.0,0.0,0.0821902725
228,2,631596685,False,1.0,7770,560,7500,1.95758102298554,0.668406128688175,1986.73272208644,2972.34366475011,0.2456433602,100141599,394,630193513090.375,300005017.0,596029784064.0,200525192.0,0.367506145825
229,1,631605071,False,0.25190943479538,6180,3790,5010,0.000470488397561003,7.74178261053748e-05,0.0305060464888811,394.044219970703,5.90383486328125e-05,100141599,362,81048911872.0,622525504.0,18990792.0,48194.5703125,0.7625937424
230,2,631597700,False,0.0,0,0,0,0.0,0.0,0.0,0.0,0.0,100141599,765,3572391168.0,25673400.0,0.0,0.0,0.031449915
231,1,631601243,False,0.471198290586472,8870,2150,1390,0.0223749685913865,0.0072595882229507,2.82978439331055,389.799560546875,0.00280768070625,100141599,1127,32857163776.0,315718208.0,893414464.0,2291984.25,0.3867548048
232,3,631606066,False,0.24099388718605,4510,4790,9800,0.000638042371404824,0.000370045708958593,0.0618112032602526,167.036670778336,8.00635428222656e-05,100141599,36,5872355776.0,176621408.0,10917181.75,65357.994140625,0.2163612248
233,1,631602669,False,0.0,0,0,0,0.0,0.0,0.0,0.0,0.0,100141599,838,2510145792.0,288421184.0,0.0,0.0,0.3533159504
234,1,631604688,False,0.00248782080598176,8290,6000,5150,1.06508950051562e-07,4.48869056370153e-08,7.75005564018022e-06,172.657382597326,1.33650745868683e-08,100141599,491,24458744704.0,243061196.0,1883.73779296875,10.9102649688721,0.2977499651
235,2,631596083,False,0.27103516459465,7950,3290,6070,0.000523912113888283,0.00227335281670094,0.862677574157715,379.473693847656,6.57421228515625e-05,100141599,158,1778750080.0,23607000.0,20365230.0,53667.0390625,0.028918575
236,1,631596414,False,0.347764998674393,7530,750,3720,0.00131837043385575,0.0019386667991057,0.669713318347931,345.450439453125,0.00016543322578125,100141599,312782558,10239918080.0,69660000.0,46652228.0,135047.53125,0.0853335
237,2,631596564,False,0.426489889621735,4510,3940,8780,0.00642789994387817,0.000235635522341838,0.0994621588083425,422.10171802557,0.000806592893322754,100141599,345,382767576064.0,2794329020.0,277929996.75,658443.178222656,3.4230530495
238,2,631597085,False,0.361760556697845,4830,5120,5880,0.00258739198380664,0.0014186492189765,0.43044850230217,303.421356201172,0.000324674,100141599,564,24805242880.0,186825600.0,80418800.0,265040.0,0.22886136
239,2,631597804,False,0.154126852750778,8090,4170,10720,0.000113426115674435,9.98747273115441e-05,0.0289912167936563,290.275817871094,1.42330620605469e-05,100141599,836,9294585856.0,116334000.0,3372664.25,11618.826171875,0.14250915
240,1,631605882,False,0.0,0,0,0,0.0,0.0,0.0,0.0,0.0,100141599,91,69588893696.0,386943296.0,0.0,0.0,0.4740055376
241,2,631595922,False,0.0865430310368538,10310,6880,6540,8.44112484539359e-05,9.8429671197664e-05,0.0207908190786839,211.225128173828,1.05921862060547e-05,100141599,105,7976411136.0,87846304.0,1826396.625,8646.6826171875,0.1076117224
242,2,631597240,False,0.643042922019958,6250,3040,7060,0.0154270806467025,0.00231987796723843,1.43468236923218,618.430114746094,0.0019358381,100141599,603,14702652416.0,681189312.0,977290304.0,1580276.0,0.8344569072
243,3,631606784,False,0.908338904380798,7600,1600,5890,0.223469843128777,0.0251089767355012,15.1536686381103,603.515977482459,0.02804169151875,100141599,430,157496418304.0,911673024.0,13815190912.0,22891176.75,1.1167994544
244,1,631596231,False,0.825934827327728,8140,1730,2570,0.0475133917021515,0.0714243873953819,29.9365558624268,419.136352539062,0.0059621282875,100141599,312782620,10547433472.0,68142600.0,2039954816.0,4867043.5,0.083474685
245,2,631597638,False,0.782754421234131,3420,3980,7460,0.217984792109755,0.0181885789254779,8.47708570927752,466.06641145577,0.0273534102433594,100141599,723,183511252480.0,1227655804.0,10406943472.0,22329314.484375,1.5038783599
246,1,631601721,False,0.0334165655076504,10970,6170,5650,3.54869303334321e-05,3.07880372929503e-06,0.000479540962260216,155.755615234375,4.45301047973633e-06,100141599,1048,87556284416.0,1180689280.0,566188.875,3635.11059570312,1.446344368
247,2,631600598,False,1.0,6610,3520,7840,0.819991925250401,0.128964349627495,362.705383300781,2812.44677734375,0.1028951392,100141599,262,327349534720.0,651312000.0,236234375168.0,83996032.0,0.7978572
248,3,631606050,False,0.995280086994171,7800,3890,8220,0.0676950279668593,0.112610889074891,227.387105225791,2019.2283987259,0.00849458282613067,100141599,27,22942571008.0,61578000.0,14002043165.5938,6934353.32745361,0.07543305
249,2,631597370,False,0.171981185674667,5620,7180,7990,7.83518956486781e-05,5.4623911409742e-06,0.000915844696860995,167.663697678313,9.83183975487649e-06,100141599,631,118901635072.0,1469318368.0,1345667.43533325,8025.99163663387,1.7999150008
250,1,631602580,False,0.15168222784996,9140,4690,4660,2.04812753759858e-05,7.69535290601198e-06,0.00241727288812399,314.121124267578,2.57005418701172e-06,100141599,863,11009640192.0,272632512.0,659027.1875,2098.00341796875,0.3339748272
251,2,631599488,True,1.0,7900,580,7380,1.00000005787666,0.999363720417023,7358.3125,7362.9970703125,0.12548312,100141599,997,754258018304.0,102500416.0,754230099968.0,102435200.0,0.1255630096
252,3,631609945,False,0.999510824680328,7090,2840,6820,1.08431155919505,0.0028942267315693,1.43896497510481,497.184605272641,0.136062789625,100141599,1089,4612520332800.0,38376974336.0,55223121920.0,111071665.0,47.0117935616
253,3,631608921,False,0.0,0,0,0,0.0,0.0,0.0,0.0,0.0,100141599,812,1182790016.0,41688000.0,0.0,0.0,0.0510678
254,1,631604817,False,0.486408293247223,7590,2010,5370,0.016958609936242,0.00404736492782831,1.29863607883453,320.859649658203,0.0021280191625,100141599,443,35541549056.0,429207296.0,557384064.0,1737158.5,0.5257789376
255,3,631606814,True,0.0607179552316666,8000,1150,7210,2.23101574328418e-06,1.0,7186.5097165105,7186.5097165105,2.79954800033569e-07,100141599,441,1642365.625,228.534530639648,1642365.625,228.534530639648,2.79954800033569e-07
256,3,631606246,False,0.650265514850616,9620,2540,9290,0.520470431214538,0.0461931826644232,20.9542792717031,453.622765591373,0.0653102497966064,100141599,312782628,167093581440.0,1154163592.0,24184666232.0,53314489.6298828,1.4138504002
257,3,631608987,False,0.122359499335289,5300,2260,9590,0.000291549290982066,5.17730837051224e-05,0.0192494719805325,371.804625163325,3.65845125488281e-05,100141599,838,56453290240.0,576842368.0,11103911.0,29864.908203125,0.7066319008
258,2,631599742,False,0.191900357604027,9880,5360,6010,0.000293804985444254,0.000132810018840246,0.0388567708432674,292.574127197266,3.68675641113281e-05,100141599,1043,10709275648.0,226609200.0,8805302.0,30095.970703125,0.27759627
259,3,631609775,False,0.175441935658455,10990,4400,2790,0.000280676324672399,1.27468730263132e-05,0.00321469833630348,252.195054400198,3.52201388916016e-05,100141599,1033,424381186048.0,2255544064.0,7250893.75,28751.1337890625,2.7630414784
260,2,631599341,False,0.851999282836914,2640,3930,6580,0.19399119785091,0.114664614200592,95.0883331298828,829.273559570312,0.02434261935,100141599,969,60419899392.0,173301296.0,16478930944.0,19871526.0,0.2122940876
261,1,631602630,False,0.0,0,0,0,0.0,0.0,0.0,0.0,0.0,100141599,850,1088798848.0,38280600.0,0.0,0.0,0.046893735
262,2,631599464,True,0.00045046623563394,8290,1170,7200,2.57620800751443e-08,1.0,7595.4781732573,7595.4781732573,3.23270599842071e-09,100141599,991,20044.0390625,2.63894367218018,20044.0390625,2.63894367218018,3.23270599842071e-09
263,2,631596770,False,0.908338904380798,7600,1600,5890,0.205832460133819,0.0462544970214367,27.0585479736328,584.992858886719,0.0258284978,100141599,430,86669238272.0,455836512.0,12334274560.0,21084488.0,0.5583997272
264,3,631609490,False,0.179526016116142,11080,5300,5430,0.000267668376654467,0.0001273053141622,0.0357786664512307,281.046134536418,3.35878610839844e-05,100141599,970,20454423552.0,215377200.0,7705909.0,27418.662109375,0.26383707
265,2,631601115,False,0.199188768863678,3410,3170,6960,1.83348952167329e-05,0.00443061720579863,1.56328618526459,352.837127685547,2.30071972351074e-06,100141599,526322264,30433556.0,423900.0,662677.0,1878.13854980469,0.0005192775
266,3,631608692,False,0.851999282836914,2640,3930,6580,1.16346113432745,0.0224280556787715,13.3560417372909,595.50600054612,0.14599472468446,100141599,714,800896225192.0,5313851936.0,70972028243.0,119179367.089355,6.5094686216
267,3,631606110,False,0.3365598320961,1870,2840,6210,0.000336659305211476,0.000149374366587305,0.0418545587325101,280.199070889766,4.22450575499654e-05,100141599,68,18952381440.0,230868000.0,9662878.26545715,34485.7612652779,0.2828133
268,2,631597616,False,1.0,6500,3450,7430,0.271157946283615,0.0217768678154534,28.0853303124245,1289.6864025824,0.0340257431431641,100141599,709,240719140352.0,1275487232.0,35822480220.0,27776116.8515625,1.5624718592
269,2,631597314,False,0.547442615032196,2980,3560,6330,0.0323523280259543,0.0156311970204115,7.16822004318237,458.584167480469,0.004059670825,100141599,620,27983239168.0,212012992.0,1519755776.0,3314017.0,0.2597159152
270,2,631599579,False,1.0,7820,4200,8250,0.480359513603359,0.208866184396943,427.746863916204,2047.94694340414,0.060277007,100141599,1014,139539433472.0,235584904.0,100770703872.0,49205720.0,0.2885915074
271,3,631606244,False,0.0,0,0,0,0.0,0.0,0.0,0.0,0.0,100141599,217,50161858560.0,318324608.0,0.0,0.0,0.3899476448
272,2,631597185,False,0.701234698295593,5110,1950,5790,0.188080202069734,0.0895228460431099,57.6123809814453,643.549499511719,0.0236008892,100141599,588,41755049984.0,215208000.0,12398645248.0,19266032.0,0.2636298
273,1,631601237,False,0.173059433698654,6220,1210,4500,0.000185674596057231,7.61189439799637e-05,0.0330887660384178,434.698150634766,2.32990262695312e-05,100141599,1128,35877404672.0,249867008.0,8267791.0,19019.61328125,0.3060870848
274,3,631609431,False,0.507696866989136,7250,3110,6400,0.0031612672633692,0.000541267746785722,0.260568641949294,481.404339158689,0.000396685656402588,100141599,958,61887440896.0,598271424.0,155890772.46875,323825.025634766,0.7328824944
275,3,631609357,False,0.605134248733521,6610,1900,8060,0.030608601159234,0.0118438558596761,5.79557541608927,489.331809231236,0.00384086255,100141599,182305709,30317346816.0,264727808.0,1534249976.0,3135398.0,0.3242915648
276,3,631608442,False,0.339789211750031,5950,1890,8230,0.00370919179383982,0.000532840713499526,0.229725861406496,431.134212507393,0.00046544093203125,100141599,625,104268427264.0,713068224.0,163810212.0,379951.78125,0.8735085744
277,1,631600776,False,0.00836214888840914,8600,5880,5580,3.51285154862068e-07,1.16787441584165e-06,0.000150466308696195,128.837753295898,4.40803546905518e-08,100141599,607344838,4927688704.0,30811500.0,4636.0927734375,35.9839630126953,0.0377440875
278,1,631604659,False,0.352354377508163,6190,1900,3990,0.00232796774865091,0.0106359198689461,3.44360280036926,323.771026611328,0.000292120639453125,100141599,510,1932541952.0,22420800.0,77208328.0,238465.828125,0.02746548
279,1,631605708,False,0.0,0,0,0,0.0,0.0,0.0,0.0,0.0,100141599,606826663,675123584.0,7274700.0,0.0,0.0,0.0089115075
280,3,631606242,False,1.0,7900,2950,7190,0.569980895446903,0.0508403029124497,108.617239887336,2136.43966823687,0.07152297696156,100141599,215,319547056128.0,1148421632.0,124738387894.75,58386103.6420898,1.4068164992
281,2,631599227,False,0.65769624710083,6190,1780,7770,0.0739634026047681,0.0178729481995106,9.00622081756592,503.90234375,0.0092811579875,100141599,945,58440253440.0,423906304.0,3817793792.0,7576455.5,0.5192852224
282,3,631606456,False,0.0324719846248627,6540,6480,3240,9.94680969352705e-06,7.62270420792207e-07,0.000129945554838197,170.47172669136,1.24815664215088e-06,100141599,319,138038265856.0,1336669184.0,173694.21875,1018.90338134766,1.6374197504
283,2,631597798,False,0.180246978998184,3720,3840,7600,0.000227103304724902,0.0010707174660638,0.292637914419174,273.310119628906,2.84976295898437e-05,100141599,831,1736755712.0,21726900.0,6358114.5,23263.37109375,0.0266154525
284,1,631605660,False,0.0,0,0,0,0.0,0.0,0.0,0.0,0.0,100141599,194,74718380032.0,929028608.0,0.0,0.0,1.1380600448
285,3,631608660,False,0.118108995258808,3880,4330,7830,2.82317321526342e-05,0.00105008095934157,0.325090168372219,309.58581381769,3.54260562848267e-06,100141599,699,160820292.0,2754000.0,895298.32369709,2891.92296202667,0.00337365
286,1,631601904,False,0.370086222887039,6610,480,4400,0.000330604948213864,0.000365964049706236,0.127489611506462,348.366455078125,4.14853379882812e-05,100141599,1006,4470467072.0,92538000.0,11797633.0,33865.58203125,0.11335905
287,2,631597731,False,0.0556345842778683,7460,7360,9230,1.95678143581309e-05,3.73804164155445e-06,0.000515365565661341,137.870483398438,2.45543025512695e-06,100141599,788,46300401664.0,536225408.0,276352.125,2004.43286132812,0.6568761248
288,2,631599031,False,1.0,7970,1080,6980,0.601352772925559,0.33206108212471,477.395172119141,1437.6728515625,0.0754596178,100141599,906,125974511616.0,185507104.0,88560197632.0,61599688.0,0.2272462024
289,2,631599428,False,0.729278028011322,6010,1520,6750,0.373061067745584,0.00748117323851707,4.82698047471836,645.217042945415,0.046812864021875,100141599,985,676810780160.0,5108100248.0,24656700160.0,38214582.875,6.2574228038
290,3,631609451,False,0.848117291927338,5160,1160,5930,0.375589432775278,0.0112370693121316,7.43874479382138,661.982638639637,0.0471301311359375,100141599,962,334169513984.0,3423808768.0,25468839648.0,38473576.4375,4.1941657408
291,2,631600689,False,1.0,7980,4250,8160,0.532222290213667,0.0213085725985554,32.0300772588798,1503.15452199981,0.0667849096442688,100141599,290,378426873472.0,2558514576.0,81949419537.25,54518293.5871582,3.1341803556
292,1,631605418,False,0.00115862884558737,5200,6720,5600,4.88500600127732e-08,6.13736474974758e-08,6.8136878326186e-06,111.01976776123,6.12985758781433e-09,100141599,272,4907968000.0,81532800.0,555.5390625,5.00396537780762,0.09987768
293,3,631606496,False,0.176775217056274,7540,6560,4430,0.000309209344736574,3.46454988751256e-05,0.00661814519089794,191.024675810039,3.88005510650545e-05,100141599,331,89272390464.0,914228984.0,6050500.15383911,31673.9192367792,1.1199305054
294,1,631605465,False,0.713727355003357,8320,1060,4150,0.121645330132487,0.182206049561501,119.272613525391,654.602905273438,0.015264434675,100141599,257,18474600448.0,68388304.0,8156851712.0,12460763.0,0.0837756724
295,3,631606882,False,0.99094694852829,7170,1530,8030,0.0317406614198821,0.107307762282421,124.226078140161,1157.66162202891,0.0039829169953125,100141599,461,7000364288.0,30299400.0,3763975632.0,3251360.8125,0.037116765
296,1,631602025,False,0.330206692218781,7550,4320,1500,0.00172339968553153,0.00101001490838826,0.342414140701294,339.018890380859,0.00021625755703125,100141599,977,17276461056.0,174786304.0,59849304.0,176536.78125,0.2141132224
297,2,631597215,False,0.477499097585678,4020,4340,6030,0.00661476452153497,0.00208156788721681,0.682651281356812,327.950561523438,0.0008300412421875,100141599,597,36286468096.0,325516512.0,222214272.0,677584.6875,0.3987577272
298,3,631606355,False,0.00497298873960972,10630,4410,5000,1.29010785592367e-07,9.43312694295046e-07,0.000171629476984956,181.943355605129,1.61886749528348e-08,100141599,280,1259942784.0,14009400.0,2404.42599487305,13.215244859457,0.017161515
299,2,631596460,False,0.0,0,0,0,0.0,0.0,0.0,0.0,0.0,100141599,311,35051999232.0,320056192.0,0.0,0.0,0.3920688352
300,1,631602113,False,0.322971314191818,10420,4450,2960,0.00678698614489615,0.000157544046585877,0.0276270137211696,175.360569439926,0.000851652147567558,100141599,960,286202525440.0,4412900760.0,121915269.84668,695226.242912292,5.405803431
301,1,631601658,False,0.0,0,0,0,0.0,0.0,0.0,0.0,0.0,100141599,606826651,6547467776.0,61102800.0,0.0,0.0,0.07485093
302,3,631608696,False,1.0,6500,3450,7430,0.19332541065117,0.0251277242899869,36.604618493855,1456.74228479343,0.0242590742997559,100141599,718,142797189120.0,788106624.0,28848342304.0,19803325.9589844,0.9654306144
303,2,631600398,False,0.0,0,0,0,0.0,0.0,0.0,0.0,0.0,100141599,196,4928736768.0,99129600.0,0.0,0.0,0.12143376
304,3,631606489,False,1.0,7210,1750,8360,0.737411675113684,0.0133480973215743,13.184119727851,987.715283326696,0.092532712362207,100141599,329,894478507008.0,5659001896.0,74608958537.0,75536908.0507812,6.9322773226
305,3,631610215,False,1.0,7950,3490,8200,0.196414835634497,0.107838364091814,330.565652996171,3065.3808204539,0.0246467449632326,100141599,496345664,87512441856.0,186573600.0,61674823915.8465,20119791.8067205,0.22855266
306,2,631596142,False,0.593605279922485,6190,4710,5980,0.0272558472242862,0.0684097185730934,32.3494491577148,472.877990722656,0.00342014855,100141599,189,6166931968.0,40812300.0,1320255488.0,2791958.0,0.0499950675
307,3,631606557,False,0.0310577154159546,6850,6550,7120,1.39668383874405e-06,6.35153428507294e-06,0.000770377975278799,121.29006011812,1.75260235595703e-07,100141599,349,660785728.0,22525200.0,17352.91796875,143.069580078125,0.02759337
308,2,631599232,False,0.515908420085907,7200,6140,6390,0.0050769327716365,0.00163436343427747,0.795319139957428,486.623199462891,0.00063706932734375,100141599,946,38124425216.0,318201312.0,253071600.0,520056.59375,0.3897966072
309,2,631598922,False,0.997395634651184,7980,1230,6320,1.37733129008052,0.0721221830910216,61.6100668450399,854.245728630885,0.17283181755,100141599,886,452688728064.0,1956224728.0,120523136256.0,141087198.0,2.3963752918
310,1,631601519,False,0.273538082838058,7210,3340,5490,0.000140830252360977,6.594718897854e-05,0.0175445254258929,266.039018457665,1.7671818433857e-05,100141599,1083,14487188864.0,218750404.0,3837872.02490234,14425.97423172,0.2679692449
311,2,631597517,False,0.0376455150544643,8100,5790,6390,6.35536811933494e-06,4.55767221865244e-05,0.00941970106214285,206.677886962891,7.97491374206543e-07,100141599,673,484935040.0,14283900.0,134550.0625,651.013366699219,0.0174977775
312,3,631606298,False,0.843180000782013,6180,3550,7070,0.107449719854866,0.0294260705892766,23.0932552715568,784.788957856046,0.0134831253101562,100141599,255,60402788352.0,374043584.0,8637883968.0,11006632.90625,0.4582033904
313,1,631605266,False,0.0324719846248627,6540,6480,3240,9.94680969352705e-06,1.52454084158441e-06,0.000259891109676394,170.47172669136,1.24815664215088e-06,100141599,319,69328326656.0,668334592.0,173694.21875,1018.90338134766,0.8187098752
314,3,631606168,False,0.0,0,0,0,0.0,0.0,0.0,0.0,0.0,100141599,118,7928631552.0,184532400.0,0.0,0.0,0.22605219
315,3,631608531,False,0.459439128637314,9900,3630,7590,0.00296111899409027,0.00040356127166423,0.142437473745875,352.951295743725,0.000371570428564453,100141599,658,48561051648.0,751615232.0,107058174.875,303322.798828125,0.9207286592
316,1,631605788,False,0.0271161142736673,11840,6030,5070,6.27471856705992e-06,5.14257123995776e-07,9.16296048671938e-05,178.178588867188,7.87371217346191e-07,100141599,136,136400633856.0,1249865088.0,114524.6484375,642.752014160156,1.5310847328
317,3,631608855,False,1.0,6470,3540,8350,1.25271906826832,0.0385842834439281,85.4971935284113,2215.85541824714,0.157195088071875,100141599,784,404961796224.0,3325771776.0,284344153164.0,128322520.875,4.0740704256
318,2,631600138,False,0.396982282400131,6010,1190,7560,0.000766116086482002,0.000639217556454241,0.294584542512894,460.851776123047,9.613463125e-05,100141599,1094,20448432128.0,122770800.0,36166380.0,78477.25,0.15039423
319,2,631600946,False,0.0,0,0,0,0.0,0.0,0.0,0.0,0.0,100141599,607344842,1756984320.0,11298600.0,0.0,0.0,0.013840785
320,3,631609594,False,0.170024856925011,8600,3000,950,0.000337536979639314,0.00017984330145695,0.0613845898975524,341.32263698599,4.23551908691406e-05,100141599,990,28874335232.0,192254400.0,11801457.5,34575.666015625,0.23551164
321,3,631609882,True,1.0,7900,580,7380,0.121763961234914,0.99933379963353,7269.27592617074,7274.12194887883,0.015279320875,100141599,1066,90733969408.0,12481230.0,90729504768.0,12472915.0,0.01528950675
322,3,631610264,False,0.0793088674545288,7170,2500,6960,9.31123385396471e-05,1.54487585378618e-05,0.00262778425974762,170.096791486995,1.16840260742187e-05,100141599,10704,65225631744.0,617394624.0,1622379.875,9537.98046875,0.7563084144
323,1,631602172,False,0.08965814858675,2160,3580,5260,2.12437381999379e-05,0.000360127509338781,0.114340983331203,317.501373291016,2.66573039550781e-06,100141599,949,55647952.0,6042600.0,690916.8125,2176.1064453125,0.007402185
324,2,631597221,False,0.482902586460114,7800,3490,9800,0.00858204431562166,0.0424226522445679,12.6919507980347,299.178619384766,0.001076901634375,100141599,598,2102226432.0,20722500.0,263008944.0,879103.375,0.0253850625
325,1,631601576,False,0.0653236731886864,8790,3590,3120,2.76195228338103e-05,3.63229301001411e-05,0.00631159218028188,173.763290405273,3.46578369750977e-06,100141599,1072,11042461696.0,77890496.0,491613.0625,2829.21118164062,0.0954158576
326,1,631603583,False,0.566069662570953,9510,2930,1990,0.00766023161876487,0.00200547371059656,0.72235244512558,360.1904296875,0.0009612297078125,100141599,579,24525838336.0,391267808.0,282633248.0,784677.3125,0.4793030648
327,1,631605516,False,0.436438471078873,8000,2160,2130,0.00353463081738931,0.0264150146394968,9.29380416870117,351.837951660156,0.00044353647734375,100141599,243,1379058304.0,13707000.0,127390176.0,362070.59375,0.016791075
328,1,631605432,False,0.300290077924728,10200,2240,2390,0.00275178403092146,0.00305337039753795,1.18362867832184,387.646606445312,0.00034530242578125,100141599,269,11804070912.0,92317504.0,109269648.0,281879.53125,0.1130889424
329,2,631596175,False,0.166153460741043,10880,6350,5710,7.74627288980236e-05,0.000150798179674894,0.0436091683804989,289.18896484375,9.72026434326172e-06,100141599,206,4304603136.0,52619400.0,2294688.25,7934.90966796875,0.064458765
330,3,631609706,False,0.307988047599792,11000,2780,2160,0.00299829548827283,3.15813683729013e-05,0.0102899064001995,325.822056812104,0.000376235450775146,100141599,1017,1644279627776.0,9725068800.0,100070047.6875,307130.980224609,11.91320928
331,1,631604973,False,0.0,0,0,0,0.0,0.0,0.0,0.0,0.0,100141599,390,1582595200.0,21125700.0,0.0,0.0,0.0258789825
332,3,631606267,False,0.796867907047272,7380,1170,8480,0.0817213762041166,0.0635793146468375,35.5224220329534,558.710364058955,0.0102546526632812,100141599,312782612,27547806720.0,131664600.0,4677045488.0,8371145.03125,0.161289135
333,2,631597766,False,0.700971245765686,5190,2130,6340,0.16787550563935,0.105159536004066,68.016975402832,646.797973632812,0.021065541,100141599,810,35482263552.0,163526400.0,11122571264.0,17196360.0,0.20031984
334,2,631598774,False,0.0,0,0,0,0.0,0.0,0.0,0.0,0.0,100141599,850,2050227712.0,38280600.0,0.0,0.0,0.046893735
335,3,631606207,False,0.00033641661866568,4610,4880,9740,4.95025718024944e-09,7.01085090392148e-10,1.06044526437133e-07,151.257711639279,6.21173679828644e-10,100141599,163,61235003392.0,723279616.0,76.6998443603516,0.507080554962158,0.8860175296
336,3,631609353,False,1.0,7760,1210,6620,0.972329255612895,0.0874327594378367,100.462150785605,1149.0218475494,0.1220109016,100141599,940,238379487667.961,1139169536.0,114443421696.0,99600736.0,1.3954826816
337,3,631606273,False,1.0,6990,3180,7330,2.58605835227574,0.136345829100377,329.927620486264,2419.78520841568,0.324506651764258,100141599,239,910481553920.0,1942878568.0,641009302834.0,264903389.195312,2.3800262458
338,3,631606231,False,0.128765285015106,10960,4580,5220,2.77721441003996e-05,1.73951306094345e-06,0.000756066936815721,434.642862874314,3.48493508911133e-06,100141599,202,255669436416.0,1635426048.0,1236491.5625,2844.84497070312,2.0033969088
339,3,631610080,False,0.0,0,0,0,0.0,0.0,0.0,0.0,0.0,100141599,1139,7195273216.0,52556400.0,0.0,0.0,0.06438159
340,3,631607009,False,0.0,0,0,0,0.0,0.0,0.0,0.0,0.0,100141599,515,33876713472.0,365777984.0,0.0,0.0,0.4480780304
341,1,631601457,False,0.1158057898283,10140,4230,3610,0.000582871494790033,1.97272747755051e-05,0.00361659354530275,183.329605102539,7.31405294921875e-05,100141599,1091,469800583168.0,3026599168.0,10945979.0,59706.5546875,3.7075839808
342,1,631605075,False,0.493352234363556,6640,1250,4490,0.0295117447016453,0.004792665428959,2.03542701859538,424.696246538848,0.00370322558747559,100141599,361,73061860096.0,630764100.0,1283874291.5,3023041.29589844,0.7726860225
343,1,631605144,False,0.290165334939957,6170,5090,1710,0.0001304249539415,3.94499984395225e-05,0.0106655741110444,270.356750488281,1.63661291992187e-05,100141599,344,28554469376.0,338659200.0,3611994.75,13360.10546875,0.41485752
344,3,631606667,False,0.515296638011932,9610,2300,8750,0.00764609859775462,0.0988701549837158,48.7286051149991,492.854543648939,0.00095945625234375,100141599,393,1391799872.0,7921800.0,386018264.0,783229.59375,0.009704205
345,3,631606228,False,0.323179692029953,12860,7440,5310,0.000678047561908675,0.00114585389084797,0.166694056751629,145.475839531573,8.50835186523437e-05,100141599,198,789620672.0,60615000.0,10104160.25,69455.93359375,0.074253375
346,2,631597568,False,0.0,0,0,0,0.0,0.0,0.0,0.0,0.0,100141599,693,22781767680.0,247254304.0,0.0,0.0,0.3028865224
347,3,631606896,False,0.515908420085907,7200,6140,6390,0.00606289112639927,0.000179363570322532,0.0825109709746131,460.020788091149,0.000760790450728884,100141599,467,351054838592.0,3462539400.0,285697487.931854,621053.429166436,4.241610765
348,3,631606079,False,0.799534440040588,3530,3640,6540,0.0305070869011937,0.00411243761947604,1.61613790408128,392.987822217032,0.00382812422491386,100141599,44,86312441504.0,759889792.0,1228086695.77564,3124999.36727662,0.9308649952
349,3,631609577,False,1.0,8790,6120,6610,0.306485261686257,0.00601977867303434,8.36440291643996,1389.48678527142,0.0384587246445454,100141599,987,586166679616.0,5215287632.0,43622767079.174,31394877.2608534,6.3887273492
350,2,631597189,False,0.477499097585678,4020,4340,6030,0.00798322363630271,0.0012611059792941,0.416894438842017,330.578433285497,0.0010017597515625,100141599,589,85430185984.0,648449120.0,270334832.0,817763.0625,0.794350172
351,1,631597399,False,0.0015620463527739,7990,3430,3090,1.7637692900399e-08,1.93673752590939e-08,2.52818722401571e-06,130.538452148438,2.2132326066494e-09,100141599,496345664,12253373440.0,93286800.0,235.846496582031,1.806720495224,0.11427633
352,3,631608779,False,0.265033423900604,5370,7090,8250,0.000423018350184161,1.25916798895316e-05,0.00212342126621686,168.636852655555,5.30816593261719e-05,100141599,754,370476892160.0,3441317376.0,7307366.5,43331.966796875,4.2156137856
353,1,631602326,False,0.126602530479431,8910,2910,3610,0.000168114865816994,0.000190603561350144,0.0349880903959274,183.564727783203,2.10955766601562e-05,100141599,916,4082203136.0,90349200.0,3161146.0,17220.87890625,0.11067777
354,2,631597376,False,0.0,0,0,0,0.0,0.0,0.0,0.0,0.0,100141599,633,1136703488.0,8169300.0,0.0,0.0,0.0100073925
355,1,631604576,False,0.600584805011749,7710,1690,5660,0.00896711582700581,0.00215451116673648,1.14501404762268,531.449584960938,0.00112522160625,100141599,542,46358200320.0,426337216.0,488162080.0,918548.25,0.5222630896
356,3,631607193,False,0.700050413608551,6590,3370,6490,0.13101441916312,0.041313841583257,31.5277395069117,763.127762964767,0.0164400971300781,100141599,575,53648041984.0,324842400.0,10241546568.0,13420487.453125,0.39793194
357,2,631596786,False,0.188824757933617,5400,4940,5930,0.00047577352263357,0.000401687284465879,0.146499648690224,364.710723876953,5.9701542578125e-05,100141599,436,6332844032.0,121328096.0,17774524.0,48735.953125,0.1486269176
358,1,631601678,False,0.307988047599792,11000,2780,2160,0.00195883314269071,7.83129216870293e-05,0.0235795825719833,301.094390869141,0.000245800480078125,100141599,1056,386207088640.0,2562201088.0,60415632.0,200653.453125,3.1386963328
359,2,631599410,False,0.307162314653397,7660,2030,5910,0.000139688432754637,0.00051552860531956,0.217944920063019,422.760070800781,1.75285393554687e-05,100141599,982,2798361088.0,27756000.0,6049279.0,14309.01171875,0.0340011
360,1,631605639,False,0.0,0,0,0,0.0,0.0,0.0,0.0,0.0,100141599,203,3069090304.0,27583200.0,0.0,0.0,0.03378942
361,3,631610141,False,1.0,7160,2020,8520,1.15017779844187,0.0707327648925121,146.58694628463,2072.40515067364,0.14432789035,100141599,484682520,380649037824.0,1665687552.0,244168051712.0,117818686.0,2.0404672512
362,2,631599008,False,0.679998457431793,9930,2140,8650,0.147222291485965,0.138019397854805,80.9536209106445,586.538024902344,0.0184739114,100141599,902,27020515328.0,109265400.0,8845429760.0,15080744.0,0.133850115
363,1,631600462,False,0.725368976593018,7930,1360,3520,0.239043760515882,0.0294010657817125,10.8646926879883,369.533966064453,0.02999595515,100141599,484682520,71531880448.0,832843776.0,9048591360.0,24486494.0,1.0202336256
364,2,631596688,False,0.143652394413948,12590,6750,6380,7.28588093386386e-05,8.1447593973484e-06,0.00201322282359854,247.180146813663,9.14255018615722e-06,100141599,395,96482246656.0,916332320.0,1844781.140625,7463.30627441406,1.122507092
365,3,631608597,False,0.65361475944519,3560,3900,6690,0.00158667484050029,0.0187528954903477,6.96226554747894,371.263496405794,0.000199100897888184,100141599,680,588999520.0,8667000.0,60341955.5,162531.345214844,0.010617075
366,2,631600210,False,0.648942589759827,6170,4760,6270,0.071380711153863,0.0976763740181923,53.7411918640137,550.196411132812,0.008957073825,100141599,1104,15369417728.0,74858400.0,4022979584.0,7311897.0,0.09170154
367,1,631605611,False,0.0,0,0,0,0.0,0.0,0.0,0.0,0.0,100141599,214,46711963648.0,354494688.0,0.0,0.0,0.4342559928
368,1,631602414,False,0.157198294997215,11970,5140,3570,8.65412924223506e-05,8.28556962610692e-06,0.00101544183835106,122.555465004061,1.0859470753479e-05,100141599,901,3096817760.0,1069917276.0,1086438.765625,8864.87408447266,1.3106486631
369,2,631597469,False,0.0584238134324551,10560,6930,6570,1.34675731256523e-05,3.343528305777e-06,0.000610931369010359,182.720565795898,1.68995299682617e-06,100141599,661,41092333568.0,412604096.0,252072.78125,1379.55346679688,0.5054400176
370,3,631606401,False,0.62716019153595,4260,2380,5940,0.155419479060138,0.0352185477819065,21.0043962901948,596.401544443743,0.0195025200125,100141599,296,69115844608.0,452046592.0,9494965760.0,15920424.5,0.5537570752
371,3,631606587,False,0.584785759449005,3830,2740,6360,0.0693395744501117,0.00805769646716159,4.04766501199745,502.335255304458,0.00870094563789062,100141599,363,121832517632.0,881494208.0,3567993264.0,7102812.765625,1.0798304048
372,1,631605089,False,0.102888554334641,6060,4770,1910,9.88135708283317e-05,0.00109032017644495,0.337967455387115,309.970855712891,1.23994344482422e-05,100141599,355,833262976.0,9283500.0,3137521.0,10121.9873046875,0.0113722875
373,3,631606810,False,0.599112033843994,3800,4670,7500,0.0218750657885538,0.00517749082555824,1.76220787814932,340.359440030358,0.00274495134648437,100141599,440,46902335488.0,432792000.0,762669472.0,2240776.609375,0.5301702
374,3,631609170,False,0.289982467889786,3010,5070,6690,0.000764376800837892,0.000114453671164531,0.0248990860579102,217.547290572417,9.59163802734375e-05,100141599,900,18738998272.0,684111616.0,17033754.0,78299.0859375,0.8380367296
375,1,631601266,False,0.19715017080307,11950,5130,3580,0.000145706319136005,3.81809077225626e-05,0.00580080877989531,151.929565429688,1.82836824707031e-05,100141599,1123,4464169728.0,390914112.0,2267618.0,14925.455078125,0.4788697872
376,3,631606134,False,0.126274794340134,9380,5550,3710,5.97418258716687e-05,0.000114183515763481,0.014194199552197,124.310409057634,7.49659027099609e-06,100141599,93,299918044.0,53595000.0,760738.125,6119.66552734375,0.065653875
377,3,631606252,False,0.825934827327728,8140,1730,2570,0.227300584638638,0.170844519434245,162.871394986396,953.331107873684,0.0285223848875,100141599,312782620,46577082368.0,136285200.0,22196960640.0,23283579.5,0.16694937
378,3,631609536,False,0.0146291879937053,8440,5970,5860,6.1834648952122e-07,9.15692180637174e-07,0.000164794600693993,179.96724683105,7.75920422554016e-08,100141599,606826659,10864173056.0,69172200.0,11399.205078125,63.3404426574707,0.084735945
379,3,631609744,False,0.117898061871529,11500,4450,9390,0.000257145097899206,5.99347156922879e-06,0.00149104605285979,248.778364197971,3.22673673095703e-05,100141599,1025,820817756160.0,4394899968.0,6552998.25,26340.7080078125,5.3837524608
380,3,631609334,False,0.346905529499054,5790,1940,8450,0.00293713398860774,0.00129582927615427,0.666974600809185,514.708698964278,0.00036856071541748,100141599,182305705,34875826176.0,232180192.0,154858290.875,300865.890136719,0.2844207352
381,1,631605502,False,0.686996161937714,8690,2760,1410,0.129610138357489,0.00509188484670656,1.9471541708055,382.403418267584,0.0162638836034302,100141599,247,357100677440.0,2607411612.0,5077032395.3125,13276639.6762695,3.1940792247
382,1,631604537,False,0.0692201480269432,5330,2500,1440,3.08924810814179e-05,1.73923308466328e-05,0.00180683983489871,103.887161254883,3.8764846862793e-06,100141599,558,200700768.0,181946704.0,328748.5625,3164.47729492188,0.2228847124
383,1,631604963,False,0.68481183052063,7910,1190,4130,0.240086484415303,0.0689562029249314,35.05242756296,508.328853332013,0.030126799390625,100141599,394,56631480320.0,356651100.0,12501486848.0,24593305.625,0.4368975975
384,3,631610046,False,0.64947235584259,3100,3830,6510,0.207468021661464,0.0380895125318925,19.470905470797,511.188098154155,0.0260337331515625,100141599,1125,88237273088.0,557949568.0,10863783296.0,21252027.0625,0.6834882208
385,3,631609753,False,0.686996161937714,8690,2760,1410,0.248719227553698,0.0462402183546448,23.1405972571148,500.443079218079,0.0312100628710937,100141599,1027,90165892928.0,550983608.0,12750089768.0,25477602.34375,0.6749549198
386,3,631609819,True,1.0,8010,960,7200,0.0880791907682799,1.0,7645.93651917132,7645.93651917132,0.011052451025,100141599,1046,68984766464.0,9022409.0,68984766464.0,9022409.0,0.011052451025
387,2,631600318,False,0.150018587708473,9870,4390,10220,0.000151697797814927,3.52671449945774e-05,0.0102557670325041,290.802307128906,1.90355118652344e-05,100141599,1121,37162053632.0,440613888.0,4518833.5,15539.193359375,0.5397520128
388,1,631601210,False,0.0,0,0,0,0.0,0.0,0.0,0.0,0.0,100141599,196,5282747904.0,99129600.0,0.0,0.0,0.12143376
389,2,631599687,False,0.325864195823669,6060,560,7180,0.00219109920091107,0.00166493596043438,0.422381222248077,253.692184448242,0.000274945948046875,100141599,1030,7129446912.0,134807392.0,56940112.0,224445.671875,0.1651390552
390,2,631596957,False,0.29640120267868,11200,5760,9770,0.00423602427548072,1.79089747689432e-05,0.00474121514707804,264.739624023438,0.00053154951171875,100141599,512,3894900659712.0,24229079040.0,114875280.0,433917.96875,29.680621824
391,3,631606103,False,0.86174488067627,6310,3420,6620,0.0765570374838345,0.0540827228259996,41.0225251283784,758.514419851978,0.00960661536542969,100141599,64,20072903680.0,145002592.0,5948372474.0,7842134.9921875,0.1776281752
392,3,631607153,True,1.0,8000,830,7380,0.228655143501516,1.0,7369.71498058221,7369.71498058221,0.02869235915,100141599,565,172615925760.0,23422334.0,172615925760.0,23422334.0,0.02869235915
393,1,631601711,False,0.0418690033257008,9900,5020,3070,2.40616998378535e-05,4.09586073146784e-06,0.000656402495224029,160.259979248047,3.0193369934082e-06,100141599,1049,53515812864.0,601769728.0,395003.15625,2464.76489257812,0.7371679168
394,3,631609796,False,0.00883521512150764,12640,4950,6280,8.98943782649376e-07,1.2534913592266e-06,0.000138791128417772,110.723641927141,1.12802264022827e-07,100141599,1039,8245432576.0,73461600.0,10195.818359375,92.0834808349609,0.08999046
395,3,631610380,False,0.0,0,0,0,0.0,0.0,0.0,0.0,0.0,100141599,607344830,2128020672.0,19562400.0,0.0,0.0,0.02396394
396,1,631603501,False,0.629156887531281,8310,610,5040,0.107279701079504,0.0202493239194155,9.60327339172363,474.251556396484,0.013461790825,100141599,610,90169245696.0,542695488.0,5211653120.0,10989217.0,0.6648019728
397,1,631605103,False,0.174642100930214,6080,2490,2850,0.000154381913901815,1.1640147617456e-05,0.00307462486938251,264.139680219492,1.93723231067657e-05,100141599,353,44796179296.0,1358585976.0,4177142.22900391,15814.1413116455,1.6642678206
398,2,631600824,False,0.0,0,0,0,0.0,0.0,0.0,0.0,0.0,100141599,549009223,3254989568.0,31818600.0,0.0,0.0,0.038977785
399,3,631610220,False,0.510624647140503,6040,3190,9080,0.00448457794988854,0.00953772106836423,3.77588723908901,395.88987893694,0.000562738800465774,100141599,929,4129092096.0,48164400.0,181863343.338379,459378.612625122,0.05900139
400,2,631597109,False,1.0,7210,1750,8360,37.997532798762,0.0314261196308205,43.0006762910366,1368.3100807923,4.76804869193225,100141599,567,21143458826283.1,123855082721.0,5325852319085.28,3892284646.47531,151.722476333225
401,1,631601500,False,0.327233135700226,4320,2570,4650,0.00087065024253619,0.0026933029294014,1.0232241153717,379.914215087891,0.000109251902539062,100141599,1085,2657671424.0,33113700.0,33882736.0,89185.2265625,0.0405642825
402,1,631603517,False,0.154110744595528,3510,5810,5660,0.00017571973118028,5.57388266315684e-05,0.00700490502640605,125.673706054688,2.20498588378906e-05,100141599,605,25141123072.0,322932608.0,2262112.25,17999.884765625,0.3955924448
403,2,631597299,False,0.559564590454102,7460,2050,5880,0.0429839805407137,0.00960689701256507,3.30828094677809,344.365193303428,0.00539376367609501,100141599,618,34912571392.0,458324096.0,1516264874.24609,4403072.38864899,0.5614470176
404,3,631609640,False,0.837862491607666,7720,3130,9910,0.1976361898126,0.0104673693489349,4.09836722472213,391.53746162011,0.0248000042872559,100141599,1002,290723176704.0,1934096408.0,7926637328.0,20244901.4589844,2.3692680998
405,2,631596638,False,0.257522076368332,8260,4690,7530,0.000571839596058896,0.000661459809634835,0.270697325468063,409.242279052734,7.17562125e-05,100141599,374,11804900352.0,88556400.0,23971980.0,58576.5,0.10848159
406,3,631606638,False,0.00406814645975828,13110,5100,6480,1.09694449915266e-07,5.59567958727989e-07,7.05855010795449e-05,126.142857142857,1.37648010253906e-08,100141599,380,665598016.0,20080800.0,1417.41333007812,11.236572265625,0.02459898
407,1,631601480,False,0.0,0,0,0,0.0,0.0,0.0,0.0,0.0,100141599,1088,15875051520.0,112639504.0,0.0,0.0,0.1379833924
408,3,631608960,False,0.465493470430374,9750,2480,7480,0.00458077221343376,0.000261313058030903,0.13122801369678,502.186973301813,0.000574809556082916,100141599,828,314269614080.0,1795671040.0,235642343.832031,469232.290679932,2.199697024
409,1,631603409,False,0.0,0,0,0,0.0,0.0,0.0,0.0,0.0,100141599,633,1200035968.0,8169300.0,0.0,0.0,0.0100073925
410,2,631597755,False,0.5433748960495,7930,4580,7250,0.0111860858505466,0.0105738481506705,5.72944211959839,541.850219726562,0.001403664871875,100141599,804,18413283328.0,108366304.0,620878464.0,1145848.875,0.1327487224
411,3,631606245,False,1.0,7050,2890,7000,1.78586567686702,0.169287952123886,448.740568127509,2650.75312506066,0.224095984064258,100141599,218,640348950528.0,1080617344.0,484916840875.0,182935497.195312,1.3237562464
412,3,631606118,False,0.511220097541809,8620,3080,7660,0.000809977659554911,0.00805004644991656,2.89253929444638,359.319578146828,0.00010163851796875,100141599,75,899314624.0,10306800.0,29812824.0,82970.21875,0.01262583
413,1,631601091,False,0.918292701244354,7890,1030,4560,1.87905297583415,0.0407226505941378,29.1842401401431,716.658658371915,0.23578941640625,100141599,254,819261551602.031,4726636244.0,137943287200.0,192481156.25,5.7901293989
414,1,631605913,False,0.247619211673737,6160,3790,5010,0.000485321403821927,0.000685698003508151,0.238750070333481,348.185485839844,6.08996404296875e-05,100141599,64,6169408512.0,72501296.0,17309690.0,49713.9921875,0.0888140876
415,2,631597030,False,0.19185833632946,9540,3430,10410,0.000289296837898518,0.000297622464131564,0.0698088333010674,234.554992675781,3.63018677246094e-05,100141599,540,8219326976.0,99569696.0,6950844.5,29634.177734375,0.1219728776
416,2,631595819,False,0.257049411535263,8140,4160,5940,0.000323013563172332,0.000922245555557311,0.527596235275269,572.077819824219,4.05327473632812e-05,100141599,67,4392541184.0,35877600.0,18928886.0,33087.95703125,0.04395006
417,2,631600384,False,0.523959934711456,9380,6590,6970,0.00122491160852127,7.24205755115592e-05,0.0351447185698334,485.286375060964,0.000153705721465494,100141599,1132,186329506816.0,1732574720.0,60890850.9356079,125474.058339179,2.122404032
418,2,631599482,False,0.237975910305977,4530,4860,9760,0.000325318259652777,0.000161144736921415,0.0282157566398382,175.095733642578,4.08219478515625e-05,100141599,996,9225322496.0,206795696.0,5834897.0,33324.0390625,0.2533247276
419,2,631596252,False,0.225317925214767,12600,7110,6720,8.93185622456651e-05,3.5686690438225e-05,0.00416611578468134,116.74144431782,1.12079712158203e-05,100141599,235,11517837280.0,256380296.0,1068109.99804688,9149.3642578125,0.3140658626
420,2,631597545,False,0.662084102630615,6140,4730,6860,0.0871242260133752,0.0213543381541967,12.3780107498169,579.648498535156,0.010932619075,100141599,685,64293220352.0,417928512.0,5173123584.0,8924587.0,0.5119624272
421,2,631595643,False,0.397869199514389,9820,3600,10080,0.00270337049449038,0.000383552891435102,0.145786046981812,380.093719482422,0.00033922734453125,100141599,20,59008720896.0,721987200.0,105255656.0,276920.28125,0.88443432
422,1,631605353,False,0.067385159432888,6480,6970,3930,6.9982973600124e-06,6.38291821815073e-05,0.00936241634190083,146.679244995117,8.7816813659668e-07,100141599,292,845991104.0,11231100.0,105150.234375,716.871948242188,0.0137580975
423,2,631596043,False,0.0600036382675171,4620,6600,5890,1.2615019638296e-05,1.40367626668796e-06,0.000324404062146324,231.110313570928,1.58297193145752e-06,100141599,141,82738397064.0,920598300.0,298645.828125,1292.22198486328,1.1277329175
424,2,631595697,False,0.980840444564819,4840,1810,5810,2.34387149896611,0.0963100316388141,73.510189334276,763.266173662542,0.294116291546875,100141599,31,565412923648.0,2492937940.0,183256339968.0,240094931.875,3.0538489765
425,2,631597791,False,0.361760556697845,4830,5120,5880,0.00400187551014492,0.000602906768912307,0.181373492430452,300.831740133992,0.000502167795800781,100141599,826,70178778112.0,679927504.0,123320826.0,409932.89453125,0.8329111924
426,3,631610320,False,0.320127725601196,5200,6780,7100,0.000162134808231043,5.06585097179402e-05,0.011834834146994,233.619863925898,2.03451804199219e-05,100141599,298,36893280256.0,327848384.0,3880031.25,16608.310546875,0.4016142704
427,2,631605333,False,0.96801483631134,7570,490,8010,0.251519550810274,0.238884255290031,218.3837890625,914.182434082031,0.03156145615,100141599,312782550,39747084288.0,107853296.0,23553411072.0,25764454.0,0.1321202876
428,2,631597587,False,0.551951110363007,2310,3690,6570,0.0740185643101881,0.000363887811545283,0.145547151565552,399.978057861328,0.00928807985,100141599,698,2407968719104.0,20836382720.0,3032676096.0,7582106.0,25.524568832
429,3,631608859,False,0.800672829151154,9060,3050,9740,0.0237276848258423,0.0300876925857429,10.3982376315574,345.597709160478,0.00297742375,100141599,786,8087120384.0,80782200.0,839992512.0,2430550.0,0.098958195
430,3,631609727,False,0.969987273216248,5350,1560,6420,0.536827691385778,0.0256968008962677,23.4530110930379,912.682134547117,0.06736280971875,100141599,1021,294844227584.0,2139956992.0,50188435072.0,54990048.75,2.6214473152
431,3,631609801,False,0.383785784244537,10550,5380,1410,0.00940682142363511,0.000186878846884294,0.0572876486116382,306.549668765389,0.00118039723320312,100141599,1041,504532041728.0,5156226048.0,295388066.0,963589.578125,6.3163769088
432,2,631597553,True,1.0,7900,580,7380,0.99999997423792,0.999363694027619,7358.31369100576,7362.99881112391,0.12548310950475,100141599,688,754258123358.375,102500413.057449,754230192734.375,102435191.432449,0.125563005995375
433,1,631605932,False,0.478201240301132,6240,4690,5570,0.0179739788855932,0.00255566040417133,0.951031734606541,372.127585126049,0.00225543081884155,100141599,51,89888598528.0,720427492.0,685149407.375,1841168.01538086,0.8825236777
434,2,631595913,False,0.204514399170876,7340,5230,7350,9.35985072017116e-05,0.00018961749447044,0.0871933102607727,459.837890625,1.174503203125e-05,100141599,102,5236280320.0,50563800.0,4408825.0,9587.78125,0.061940655
435,3,631608613,True,1.0,7900,580,7380,0.99999997423792,0.999363694027619,7358.31369100576,7362.99881112391,0.12548310950475,100141599,688,754258123358.375,102500413.057449,754230192734.375,102435191.432449,0.125563005995375
436,2,631596681,True,1.0,7900,580,7380,0.552360821126535,0.998854358141325,7312.94148646011,7321.32910754686,0.069311955189175,100141599,394,414275597693.625,56646084.0345306,414249497981.625,56581187.9095306,0.0693914529423
437,3,631606340,False,0.970182359218597,7680,860,6670,1.24543679695754,0.187330332114182,185.404008961932,989.716971456199,0.156281286,100141599,274,247625482240.0,681024576.0,126264686592.0,127576560.0,0.8342551056
438,3,631606591,False,0.236270010471344,7430,5510,6730,0.000324722417991097,0.000221967347736477,0.0714687730422139,321.97876746747,4.07471797851562e-05,100141599,364,16877407744.0,149855392.0,10709981.0,33263.00390625,0.1835728552
439,1,631605900,False,0.575363039970398,8880,1990,2270,0.0580656097147092,0.0638406425714493,28.3971824645996,444.813568115234,0.00728625345,100141599,74,16950663168.0,93168896.0,2645734144.0,5947962.0,0.1141318976
440,2,631596861,False,0.780593931674957,8100,5170,7990,0.0131235876710798,0.000476954883197322,0.657341539859772,1378.20495605469,0.00164678863125,100141599,463,353971699712.0,2818541824.0,1852744704.0,1344317.25,3.4527137344
441,2,631596350,False,0.0,0,0,0,0.0,0.0,0.0,0.0,0.0,100141599,268,9672992768.0,67311904.0,0.0,0.0,0.0824570824
442,2,631596572,False,0.439699560403824,9470,4310,7200,0.00702267204897324,0.000877011517292664,0.39839516886936,454.264466331305,0.000881226748439494,100141599,348,100738422592.0,820250088.0,326783672.323868,719368.774236321,1.0048063578
443,2,631596237,False,0.293809771537781,11090,7210,5700,0.000342292063036584,0.00116968248039484,0.15374068915844,131.437957763672,4.29518735351562e-05,100141599,230,358206304.0,29976300.0,4608577.0,35062.75390625,0.0367209675
444,3,631606008,False,0.176775217056274,7540,6560,4430,7.3082051844416e-05,7.71597121865226e-05,0.0128338780280888,166.328744164632,9.17056335067749e-06,100141599,1,5678154752.0,97021800.0,1245165.94726562,7486.17416381836,0.118851705
445,2,631599136,False,0.33628922700882,6310,940,8340,0.00221328273871368,0.0030306656844914,0.854664027690887,282.00537109375,0.000277729607421875,100141599,182305693,4284261120.0,74808000.0,63935708.0,226718.046875,0.0916398
446,1,631603209,False,0.412493705749512,6290,4810,5190,0.00203932442988692,0.00358315394259989,1.16618609428406,325.463562011719,0.00025590077734375,100141599,690,3331821056.0,58300200.0,67988880.0,208898.59375,0.071417745
447,3,631610236,True,0.0657799541950226,8230,710,7070,3.48604046137007e-06,1.0,7964.12953679831,7964.12953679831,4.37439208221435e-07,100141599,254,2843936.75,357.093231201172,2843936.75,357.093231201172,4.37439208221435e-07
448,1,631601804,False,0.0300817508250475,6760,5040,3510,1.04277879788766e-05,5.60396574655897e-06,0.000816176587250084,145.642669677734,1.30851129455566e-06,100141599,1031,11184285696.0,190610096.0,155571.5,1068.17248535156,0.2334973676
449,3,631608491,False,0.243100523948669,12460,2480,5830,0.00272687909864529,1.53088043634969e-05,0.00371632237204537,242.757192776384,0.00034217727735672,100141599,645,2969845978112.0,18246257712.0,67808975.7412109,279328.389678955,22.3516656972
450,3,631608889,False,0.438717305660248,5880,3930,6280,0.00391905264209249,0.00164778113519989,0.504349275540779,306.077830827694,0.000491774924511719,100141599,802,13879962112.0,243630000.0,122874614.0,401448.91796875,0.29844675
451,2,631605658,False,0.569941997528076,9290,3400,9770,0.0193319129030969,0.134467884898186,61.619312286377,458.245574951172,0.00242582860625,100141599,312782652,2632661504.0,14726700.0,907449152.0,1980268.25,0.0180402075
452,2,631596715,False,0.668217420578003,7930,4380,7380,0.0155433175524646,0.0172601071694939,8.57010337530787,496.526660648723,0.00195042386875,100141599,406,11105078272.0,92246400.0,790561184.0,1592182.75,0.11300184
453,2,631599701,False,0.0949327871203423,12910,4790,7760,9.34600526664703e-05,8.48894887894858e-06,0.00160787929780781,189.40852355957,1.17276583251953e-05,100141599,1033,211939901440.0,1127772032.0,1813321.25,9573.5986328125,1.3815207392
454,3,631609993,False,0.648942589759827,6170,4760,6270,0.0786495831392184,0.0538114981919197,28.8505288918812,536.140599337808,0.0098691945078125,100141599,1104,25451107328.0,149716800.0,4319408864.0,8056485.3125,0.18340308
455,3,631606024,False,0.992593586444855,7180,1500,8010,0.211249143384434,0.103233578381496,101.653056317544,984.689845215754,0.026508200075,100141599,9,50409892864.0,209615392.0,21308045248.0,21639347.0,0.2567788552
456,2,631597723,False,0.0,0,0,0,0.0,0.0,0.0,0.0,0.0,100141599,781,1793126784.0,10564200.0,0.0,0.0,0.012941145
457,1,631603552,False,0.0,0,0,0,0.0,0.0,0.0,0.0,0.0,100141599,591,2993405952.0,37429200.0,0.0,0.0,0.04585077
458,2,631599279,False,0.125092417001724,12820,4790,6470,0.000103067012747267,1.07055302578374e-05,0.00162126054055989,151.44140625,1.29331695800781e-05,100141599,957,174197751808.0,986190272.0,1598871.375,10557.689453125,1.2080830832
459,1,631604919,False,0.0184803325682878,6550,6400,3220,2.69172632555127e-06,3.35348045155115e-06,0.000587632937822491,175.230758666992,3.37766197967529e-07,100141599,1105,8433613824.0,82221296.0,48315.94140625,275.727508544922,0.1007210876
460,1,631605703,False,0.0129665089771152,7170,3260,3410,5.60190685923891e-06,1.76538457525975e-06,0.000354232145582278,200.654378964515,7.02944709962606e-07,100141599,170,43038201856.0,325046692.0,115141.987121582,573.832416296005,0.3981821977
461,2,631599525,False,0.00223207683302462,7670,6750,6450,2.24433816699768e-08,2.61963837289159e-08,5.01114982398576e-06,191.291656494141,2.81626539230347e-09,100141599,1004,6576117248.0,87759904.0,439.778015136719,2.29899215698242,0.1075058824
462,1,631603428,False,0.325310558080673,6540,4570,5030,0.00193407190805848,0.00053884502267465,0.196426033973694,364.531616210938,0.00024269336328125,100141599,629,56038920192.0,367669792.0,72219920.0,198117.03125,0.4503954952
463,1,631604983,False,0.713508784770966,8110,1230,2970,0.872954469512472,0.0280902100490329,15.0903625206192,537.210739765852,0.1095410441125,100141599,385,516241491968.0,3183360336.0,48038061504.0,89421260.5,3.8996164116
464,1,631602175,False,0.186302810907364,9520,6920,5690,0.000713178024009591,0.00011504985395114,0.014825059967416,128.857703493583,8.94917983886719e-05,100141599,948,36675401888.0,634981504.0,9413638.875,73054.529296875,0.7778523424
465,2,631597698,False,0.0,0,0,0,0.0,0.0,0.0,0.0,0.0,100141599,763,131165768.0,3898800.0,0.0,0.0,0.00477603
466,3,631610250,False,0.546171426773071,5450,820,6530,0.0208482648566293,0.00064318154856853,0.270706166505026,420.886089017187,0.00261610516938477,100141599,943,288978788352.0,3320362752.0,898842672.0,2135596.05664062,4.0674443712
467,3,631610008,False,0.665656626224518,4570,2990,6750,0.0489522462392676,0.00671789321934457,2.83404265161183,421.864795863535,0.00614268023359375,100141599,1108,43806437376.0,746429376.0,2115412688.0,5014432.84375,0.9143759856
468,1,631603223,False,0.918292701244354,7890,1030,4560,4.4814065012582,0.0046132018340163,2.65903491897779,576.396831235715,0.562340837219753,100141599,688,10118580468610.0,99508705924.0,264597123794.208,459053744.669186,121.8981647569
469,1,631602462,False,0.918292701244354,7890,1030,4560,0.614945074015257,0.0593878956061708,37.848216476375,637.305230132491,0.07716522205,100141599,894,169763339776.0,1060687828.0,40145142528.0,62992018.0,1.2993425893
470,3,631609764,False,0.325864195823669,6060,560,7180,0.00219210507689618,0.000832850133977615,0.211244638940937,253.640637520285,0.000275072168496513,100141599,1030,11559044096.0,269614784.0,56954677.6992188,224548.708976746,0.3302781104
471,2,631596936,False,1.0,8020,820,7690,0.27705302125186,0.718348324298859,2132.81860351562,2969.05908203125,0.0347654755,100141599,501,88451137536.0,39507268.0,84261838848.0,28379980.0,0.0483964033
472,3,631609666,False,1.0,7500,3530,8090,0.876244814597512,0.0701262536666331,205.644594216976,2932.4908071458,0.109953926855751,100141599,1008,451277444096.0,1279952984.0,263215412011.487,89758307.6373479,1.5679424054
473,3,631606237,False,0.01491095777601,11170,5160,7650,1.27198937291682e-06,5.03445679499736e-07,0.000116911269037503,232.222211448266,1.59613185882568e-07,100141599,209,28448233472.0,258809408.0,30257.736328125,130.296478271484,0.3170415248
474,2,631595613,False,0.992593586444855,7180,1500,8010,0.190774588530384,0.186456084251404,194.387023925781,1042.53515625,0.0239389892,100141599,9,37273235456.0,104807696.0,20373256192.0,19542032.0,0.1283894276
475,2,631596031,False,0.0122166601940989,12000,6430,6980,2.74415443336248e-06,2.24902663603643e-07,1.95686898223357e-05,87.0095977783203,3.44345040130615e-07,100141599,136,132335353856.0,1249865088.0,24458.22265625,281.097991943359,1.5310847328
476,1,631596181,False,0.274816483259201,9170,2380,1520,0.000109082086755991,0.000409532367484644,0.207579061388969,506.868499755859,1.36879597900391e-05,100141599,312782640,4136925952.0,27284400.0,5663670.0,11173.8447265625,0.03342339
477,3,631609067,False,0.218637526035309,10440,6910,3800,0.000162750121998227,6.51843972376708e-05,0.0111976486058182,171.784185792041,2.04223919067383e-05,100141599,866,3605604608.0,255756608.0,2863872.625,16671.3403320312,0.3133018448
478,2,631599056,False,0.672641932964325,3520,3640,6540,0.0280372729903585,0.0341822169721127,12.908278465271,377.631408691406,0.0035182042875,100141599,910,9625026560.0,84020400.0,1084558720.0,2872003.5,0.10292499
479,3,631606125,False,0.270567923784256,11430,7110,6160,0.000158575904974154,3.52678703582797e-05,0.00943432512459318,267.504814686899,1.98985981613159e-05,100141599,83,29194454016.0,460582208.0,4345282.296875,16243.7536010742,0.5642132048
480,1,631601973,False,0.130620926618576,8860,3710,1200,0.000192774283026079,8.28270494821481e-05,0.027274688705802,329.296875,2.41899170898437e-05,100141599,988,26601691136.0,238410896.0,6502583.0,19746.87109375,0.2920533476
481,1,631602593,False,0.0617673583328724,12550,5070,4880,8.16077133343329e-06,6.656396726612e-05,0.0184374805539846,276.988922119141,1.02403898925781e-06,100141599,859,1720285696.0,12558600.0,231548.9375,835.9501953125,0.015384285
482,1,631603060,False,0.271649539470673,10990,2780,2160,0.00235411690348273,7.74347936385311e-05,0.0166705213487148,215.284652709961,0.000295401916796875,100141599,728,252375285760.0,3114161152.0,51914692.0,241144.421875,3.8148474112
483,2,631599296,False,0.342301547527313,9500,4310,6440,0.00182542885955944,4.2373071515094e-05,0.0105513628362451,249.011045434516,0.000229060495378303,100141599,960,296554098560.0,4412900760.0,46562117.0791016,186988.159492493,5.405803431
484,1,631602899,False,0.0,0,0,0,0.0,0.0,0.0,0.0,0.0,100141599,773,21067735040.0,127188896.0,0.0,0.0,0.1558063976
485,3,631608802,False,0.0,0,0,0,0.0,0.0,0.0,0.0,0.0,100141599,765,6921764608.0,51346800.0,0.0,0.0,0.06289983
486,1,631602704,False,0.0315548107028008,3110,3310,5200,3.39833793134575e-06,2.30087289310177e-06,0.000822926522232592,357.658386230469,4.26434021759033e-07,100141599,827,18303533056.0,151294496.0,124504.25,348.109405517578,0.1853357576
487,1,631602913,False,0.688683271408081,9670,5650,5690,0.00825831829742436,0.000112506211735308,0.04190294444561,372.450042724609,0.0010362794859375,100141599,771,740281870912.0,7519073280.0,315071296.0,845942.4375,9.210864768
488,1,631602439,False,0.0229986142367125,6230,4660,770,1.42279826792382e-05,9.66594780038577e-06,0.00105951749719679,109.613410949707,1.78537155456543e-06,100141599,897,9750029312.0,150781504.0,159755.640625,1457.44616699219,0.1847073424
489,3,631607182,False,0.751087844371796,8570,1740,9530,0.0899266833173798,0.0571529267321636,39.9453669165804,698.920758752686,0.0112842801408203,100141599,573,34239356928.0,161175600.0,6438218480.0,9211657.2578125,0.19744011
490,3,631610377,False,0.0,0,0,0,0.0,0.0,0.0,0.0,0.0,100141599,549009215,41807595520.0,289272608.0,0.0,0.0,0.3543589448
491,3,631608863,False,0.125891000032425,6640,7470,2280,0.000206373689694428,1.97117934358289e-05,0.00331996495492433,168.425311767413,2.58964129699707e-05,100141599,788,89393262592.0,1072450816.0,3560499.125,21139.9289550781,1.3137522496
492,2,631600514,False,0.223061949014664,2180,2680,6200,0.000181383411144079,0.000111116161860991,0.0478727705776691,430.835327148438,2.27605550292969e-05,100141599,526157192,22670837760.0,167212800.0,8004940.0,18580.044921875,0.20483568
493,1,631602121,False,0.0831773281097412,7400,2940,5170,6.48437367833692e-05,2.22049073221948e-05,0.00401551301153237,180.83898992538,8.13679393310547e-06,100141599,958,31657004032.0,299135712.0,1201183.34375,6642.28076171875,0.3664412472
494,2,631599319,False,0.996335446834564,8210,590,7080,0.351507353760709,0.119434908032417,80.4433059692383,673.532653808594,0.0441082369,100141599,965,67031498752.0,301475712.0,24251703296.0,36006724.0,0.3693077472
495,2,631599534,False,0.459926307201385,6880,710,8310,0.0275769502426207,0.0305263809859753,9.74255275726318,319.151916503906,0.00346044155625,100141599,1006,7314133504.0,92538000.0,901556352.0,2824850.25,0.11335905
496,1,631605497,False,0.508257806301117,8250,2430,1880,0.015375429697554,0.0440890714526176,17.4013843536377,394.68701171875,0.001929356778125,100141599,249,5189718528.0,35722800.0,621626176.0,1574985.125,0.04376043
497,3,631609263,False,0.605134248733521,6610,1900,8060,0.0482657190354019,0.00435182961273318,2.06478456488981,474.463558694572,0.00605653266307373,100141599,182305689,127878176448.0,1136098776.0,2345799216.875,4944108.29638672,1.3917210006
498,2,631597686,False,0.265033423900604,5370,7090,8250,0.000181015438400759,1.07763098640135e-05,0.00175852980464697,163.184783935547,2.27143806640625e-05,100141599,754,208474456064.0,1720658688.0,3025829.5,18542.3515625,2.1078068928
499,1,631603590,False,0.0,0,0,0,0.0,0.0,0.0,0.0,0.0,100141599,576,355157440.0,2532600.0,0.0,0.0,0.003102435
500,2,631605596,False,0.650265514850616,9620,2540,9290,0.475312615369928,0.0843706045442473,38.6919375290778,458.595001636929,0.0596437065,100141599,312782628,94232513024.0,577081796.0,22328412800.0,48688740.0,0.7069252001
501,2,631600011,False,0.576616764068604,6240,5090,6430,0.0222499749296273,0.0334702059626579,15.1771516799927,453.452575683594,0.0027919961125,100141599,1077,10001646592.0,68095800.0,1033500288.0,2279180.5,0.083417355
502,2,631596326,True,1.0,8120,970,7120,0.117361529003608,1.0,7414.61181640625,7414.61181640625,0.014726889975,100141599,257,89138102272.0,12021951.0,89138102272.0,12021951.0,0.014726889975
503,3,631609475,False,0.742581963539124,8170,3510,8230,0.058387939262556,0.0005409060466979,0.314452808189594,581.344597845137,0.00732670036499107,100141599,967,322554095184.0,11057335976.0,3477010348.74902,5980979.88978863,13.5452365706
504,1,631603600,False,0.611204862594604,6150,4920,5540,0.0334119001539366,0.00641257814604489,2.45461410751332,382.78116096367,0.00419262923378906,100141599,571,58933245952.0,533725188.0,1310089376.0,3422554.4765625,0.6538133553
505,1,631605277,False,0.918292701244354,7890,1030,4560,4.32899474363529,0.00799322188994408,4.66333768783517,583.411514410967,0.543215735455444,100141599,315,5500375944322.03,55477180892.0,258708828468.513,443441416.698322,67.9595465927
506,3,631610329,False,0.104296445846558,8240,5280,5820,3.07863950486057e-05,0.000183706170794595,0.0369549444852213,201.163326878884,3.86317268066406e-06,100141599,607344862,2452011648.0,17166600.0,634390.75,3153.6103515625,0.021029085
507,2,631597271,False,0.989448368549347,7660,680,6570,0.809846037311968,0.152860566973686,161.920013427734,1059.26611328125,0.1016220016,100141599,610,189183672320.0,542695488.0,87873257472.0,82956736.0,0.6648019728
508,2,631600534,False,0.218472957611084,2690,2880,6550,0.000327370281134803,0.000664045626763254,0.275674432516098,415.143829345703,4.10794418945312e-05,100141599,526157196,4884688384.0,50499900.0,13921532.0,33534.23828125,0.0618623775
509,1,631603530,False,0.380768567323685,6040,4680,5560,0.00389703189776532,0.00355449807830155,1.32389378547668,372.455902099609,0.00048901169296875,100141599,599,13184926720.0,112306496.0,148681872.0,399193.21875,0.1375754576
510,3,631610086,False,0.0,0,0,0,0.0,0.0,0.0,0.0,0.0,100141599,196,10211484672.0,198259200.0,0.0,0.0,0.24286752
511,3,631606160,False,0.340245217084885,5870,4920,9340,0.00406509700008307,0.000190040138988222,0.0603957344071819,317.805147526886,0.00051010102515012,100141599,111,196531126528.0,2191163416.0,132336923.715469,416409.000122547,2.6841751846
512,1,631603313,False,0.096565455198288,5880,4740,1940,2.43273856347965e-05,0.000140751682920381,0.0350229926407337,248.828216552734,3.05267607421875e-06,100141599,662,158064256.0,17704800.0,620075.0625,2491.98046875,0.02168838
513,1,631605687,False,0.067867174744606,4370,4230,1660,1.77992216460494e-05,1.00801689768559e-05,0.0013924315571785,138.1357421875,2.23350173645019e-06,100141599,180,429828736.0,180876608.0,251858.296875,1823.26672363281,0.2215738448
514,1,631601875,False,0.109466448426247,7300,3410,3030,7.07461207482245e-05,3.07612775080129e-05,0.00718945292499912,233.717631627177,8.87744344558716e-06,100141599,1014,31385211776.0,235584904.0,1693726.57714844,7246.89260864258,0.2885915074
515,3,631608983,False,0.154126852750778,8090,4170,10720,0.000136545148719544,6.0115825161147e-05,0.0161355348608317,268.407442093304,1.71341102905273e-05,100141599,836,17064997376.0,232668000.0,3754222.625,13987.0288085938,0.2850183
516,2,631597826,False,0.729278028011322,6010,1520,6750,0.270305145131097,0.0213913153856993,15.1517715454102,708.314147949219,0.033918731,100141599,844,178618220544.0,1294392576.0,19612340224.0,27688760.0,1.5856309056
517,2,631596441,False,0.52248877286911,6990,5450,8990,0.000497574120150314,0.000147171507705934,0.0493964590132236,335.638732910156,6.24371494140625e-05,100141599,303,43049480192.0,346324512.0,17107204.0,50969.1015625,0.4242475272
518,3,631609273,False,0.888547539710999,8490,5430,7670,0.310141943497789,0.0398537110559844,37.6044498754425,943.562064336187,0.0389175764605469,100141599,924,58719291392.0,797151616.0,29976447987.0,31769450.171875,0.9765107296
519,2,631595979,False,0.523959934711456,9380,6590,6970,0.000114367269029358,7.11435714038089e-05,0.0205049701035023,288.219573974609,1.43511609130859e-05,100141599,122,10838585344.0,164670304.0,3376559.75,11715.2333984375,0.2017211224
520,2,631596423,False,0.52248877286911,6990,5450,8990,0.000497574120150314,5.96041369383309e-05,0.0200054562193454,335.638719843287,6.24371494140625e-05,100141599,295,97604225024.0,855126912.0,17107204.0,50969.1015625,1.0475304672
521,1,631601354,False,0.0,0,0,0,0.0,0.0,0.0,0.0,0.0,100141599,1106,21216030720.0,242915392.0,0.0,0.0,0.2975713552
522,3,631606344,False,0.549240410327911,5230,2840,6110,0.007707388949259,0.000246132357708117,0.0863003293847009,350.62569663044,0.000967147156431293,100141599,275,275448915584.0,3207655792.0,276821751.402344,789507.882801056,3.9293783452
523,1,631601075,False,0.202367648482323,6050,5070,5060,0.000520779378633968,8.1905658589676e-05,0.0250233933329582,305.514831542969,6.53490174804687e-05,100141599,262,79303254016.0,651312000.0,16298036.0,53346.13671875,0.7978572
524,2,631595639,False,0.430986016988754,5410,2500,5840,0.0014806433057499,0.00268155313096941,0.84325098991394,314.463653564453,0.000185795730859375,100141599,19,8957744128.0,56560500.0,47694696.0,151669.984375,0.0692866125
525,1,631603262,False,0.622798204421997,6830,3950,1470,0.00227073267512558,0.000219996695987217,0.0753182389203745,342.360773112479,0.000284938604269409,100141599,677,99568537856.0,1057301980.0,79634123.140625,232602.942260742,1.2951949255
526,3,631610281,False,0.494824886322021,6580,5180,5770,0.0104961889904816,0.0136272158755326,5.64467552351475,414.220745827447,0.00131709446640625,100141599,560581559,11256732672.0,78899400.0,445361512.0,1075179.15625,0.096651765
527,2,631597647,False,0.862860858440399,9860,4220,9470,0.0582784955319099,0.0145537536591291,6.36374521255493,437.258026123047,0.007312967025,100141599,727,52564389888.0,410187584.0,2610329344.0,5969769.0,0.5024797904
528,2,631597694,False,0.516785264015198,8580,2220,9930,0.014740874839829,0.0452238731086254,23.9028911590576,528.545837402344,0.001849730859375,100141599,759,6640275968.0,33389100.0,798096000.0,1509984.375,0.0409016475
529,1,631602979,False,0.0,0,0,0,0.0,0.0,0.0,0.0,0.0,100141599,753,1053446592.0,14984100.0,0.0,0.0,0.0183555225
530,1,631605232,False,0.218637526035309,10440,6910,3800,0.00010530978936223,2.79925807262771e-05,0.00476565398275852,170.247039794922,1.32146001708984e-05,100141599,326,15888461952.0,385367424.0,1836527.875,10787.4287109375,0.4720750944
531,1,631602454,False,0.330206692218781,7550,4320,1500,0.00205239242444415,0.000272855649502998,0.0906540089148873,332.241641615309,0.000257540589978027,100141599,895,73641099008.0,770507104.0,69849557.875,210237.216308594,0.9438712024
532,1,631605651,False,0.323179692029953,12860,7440,5310,0.000241071473030931,0.00081478850916028,0.136239573359489,167.20849609375,3.0250398828125e-05,100141599,198,341828832.0,30307500.0,4129080.75,24694.203125,0.0371266875
533,3,631610334,False,0.000676243682391942,8320,5520,5930,5.94150611838892e-09,1.7833430974963e-08,2.65272268374873e-06,148.749990255548,7.45558682084083e-10,100141599,607344858,4861708544.0,34128000.0,90.5321197509766,0.608619332313538,0.0418068
534,3,631609985,False,0.344242542982101,3620,4240,8250,0.00103258059604281,7.78525366044126e-05,0.0395850236667085,508.461578687532,0.00012957142734375,100141599,1101,95110315008.0,1358627456.0,53781300.0,105772.59375,1.6643186336
535,3,631609531,False,0.0142720714211464,11400,6830,5000,3.87241672403403e-06,6.22792326861601e-07,9.23907575282197e-05,148.349222595273,4.85922904348373e-07,100141599,978,33007742976.0,636924608.0,58845.9470214844,396.671758651733,0.7802326448
536,1,631600804,False,0.0,0,0,0,0.0,0.0,0.0,0.0,0.0,100141599,607344830,995315392.0,9781200.0,0.0,0.0,0.01198197
537,1,631603005,False,0.635676741600037,2740,3900,4620,0.086896784208619,0.0111328222504349,4.52988578030126,406.894647053606,0.0109040789693726,100141599,746,99337796480.0,799553676.0,3621886827.5,8901288.95458984,0.9794532531
538,1,631602927,False,0.617176294326782,4720,1520,5220,0.00583872325739097,0.000293848046567291,0.145034000277519,493.568054199219,0.00073266116875,100141599,767,220964814848.0,2035374336.0,295198496.0,598090.75,2.4933335616
539,3,631606436,False,1.0,8150,2400,6620,4.13346279348482,0.0128048874118488,20.6342235879055,1611.43342570993,0.518679777710937,100141599,313,5352116470944.0,33066441728.0,682300351872.0,423412063.4375,40.5063911168
540,3,631607176,False,0.611204862594604,6150,4920,5540,0.112849134184105,0.0108292837033368,4.45881157102145,411.73651860719,0.0141606606271484,100141599,571,125172119552.0,1067450376.0,4759560088.0,11559722.9609375,1.3076267106
541,1,631603040,False,0.0,0,0,0,0.0,0.0,0.0,0.0,0.0,100141599,732,3643915520.0,34631100.0,0.0,0.0,0.0424230975
542,2,631598809,False,0.342918902635574,6830,4150,9740,0.00194158717790278,0.000826490635517985,0.278061598539352,336.436492919922,0.000243636402734375,100141599,857,26945308672.0,240640192.0,66912796.0,198886.859375,0.2947842352
543,3,631608880,False,1.0,7980,4250,8160,0.529496907905324,0.0334857368158562,50.4983276893227,1508.05484636703,0.0664429201888184,100141599,797,355522359296.0,1619767808.0,81795565549.0,54239118.5214844,1.9842155648
544,1,631604845,False,0.0,0,0,0,0.0,0.0,0.0,0.0,0.0,100141599,436,8157578240.0,121328096.0,0.0,0.0,0.1486269176
545,3,631606862,False,0.0362444221973419,5300,4670,5770,4.60916803066194e-06,1.30303312283633e-05,0.00295529449205166,226.801179514058,5.78372751617432e-07,100141599,452,2984509696.0,36234000.0,107082.140625,472.141021728516,0.04438665
546,2,631605451,False,0.771349370479584,8890,1940,9570,0.0399206008937704,0.158713087439537,119.974380493164,755.919860839844,0.0050093612625,100141599,312782586,7554621440.0,25765200.0,3091163904.0,4089274.5,0.03156237
547,1,631601868,False,0.0873844623565674,2170,3790,5490,0.000176209255622583,9.84222424449399e-06,0.00179923349060118,182.8076171875,2.21112858886719e-05,100141599,1016,60779663360.0,1833938048.0,3299682.75,18050.029296875,2.2465741088
548,2,631597696,False,0.204514399170876,7340,5230,7350,9.35985072017116e-05,0.00018961749809152,0.0871933082561042,459.837879592841,1.174503203125e-05,100141599,760,5236280320.0,50563800.0,4408825.0,9587.78125,0.061940655
549,2,631599783,False,0.598721325397491,7210,1050,8420,0.0380844546189959,0.0067644203081727,3.7402811050415,552.934448242188,0.0047789559125,100141599,1047,121171714048.0,576721792.0,2157101568.0,3901188.5,0.7064841952
550,1,631603277,False,0.63624495267868,4970,3230,4340,0.267920085950854,0.00234398688189685,0.995957612991333,424.898956298828,0.03361944635,100141599,672,1298040356864.0,11708446720.0,11661116416.0,27444446.0,14.342847232
551,1,631605194,False,0.0523001812398434,4150,3900,5430,5.47391988643706e-06,3.36806406266987e-05,0.00941173546016216,279.440521240234,6.86884506225586e-07,100141599,333,1449075072.0,16648200.0,156688.453125,560.722045898438,0.020394045
552,3,631609996,False,0.888978660106659,7870,3380,7370,0.0611550410656123,0.0295295789400247,32.4255926629861,1098.0716226548,0.0076739249125,100141599,560581551,35659171840.0,212140800.0,6878791168.0,6264428.5,0.25987248
553,2,631600673,False,0.146057888865471,7240,6280,7390,0.000118958385962399,6.69008429709274e-06,0.00108887395809387,162.75937787018,1.49272685567856e-05,100141599,278,191404308224.0,1821430764.0,1983308.52539062,12185.525352478,2.2312526859
554,3,631609461,False,0.222794830799103,7560,5520,9750,0.000145457352656089,0.000177371514143787,0.0723441015449228,407.867643765372,1.82524413818359e-05,100141599,964,7109591296.0,84004200.0,6077208.375,14899.9521484375,0.102905145
555,3,631609557,False,1.0,7600,1340,6590,4.88367670343242,0.0400911726298347,72.8717313178116,1817.65028403241,0.6128189543501,100141599,983,1749088485760.0,12478067816.0,909298405252.984,500260370.898041,15.2856330746
556,1,631605060,False,0.0,0,0,0,0.0,0.0,0.0,0.0,0.0,100141599,364,8455645184.0,74927696.0,0.0,0.0,0.0917864276
557,1,631604782,False,0.0,0,0,0,0.0,0.0,0.0,0.0,0.0,100141599,452,1488490240.0,18117000.0,0.0,0.0,0.022193325
558,1,631602105,False,0.544268488883972,2950,1880,4430,0.00821331423371568,0.000491459970362484,0.174711644649506,355.495178222656,0.0010306322359375,100141599,962,105959727104.0,1711904384.0,299089632.0,841332.4375,2.0970828704
559,3,631608507,False,0.236225664615631,13040,5490,5330,0.000234138850530552,3.13949980855041e-05,0.0094994292103794,302.577792312895,2.93804717773437e-05,100141599,651,93494894592.0,763945216.0,7257043.5,23984.05859375,0.9358328896
560,1,631605328,False,0.0273773446679115,5980,3810,4090,3.65166537638391e-06,2.43720342041343e-06,0.000500599213410169,205.399032592773,4.58222338104248e-07,100141599,301,9194565632.0,153478800.0,76831.3671875,374.059051513672,0.18801153
561,2,631597372,False,0.0727459490299225,7130,2580,7000,6.43882801839144e-05,9.13467192731332e-06,0.0015169377438724,166.063735961914,8.07964182128906e-06,100141599,632,44736679936.0,722043008.0,1095294.25,6595.6259765625,0.8845026848
562,3,631606090,False,0.0,0,0,0,0.0,0.0,0.0,0.0,0.0,100141599,54,4475620992.0,44409600.0,0.0,0.0,0.05440176
563,2,631596361,False,0.465242922306061,9570,3520,7690,0.0026265679724537,0.00608916953206062,3.47322368621826,570.393676757812,0.000329589925,100141599,271,7086376448.0,44185500.0,153466128.0,269053.0,0.0541272375
564,2,631599088,False,0.0,0,0,0,0.0,0.0,0.0,0.0,0.0,100141599,917,440939104.0,4190400.0,0.0,0.0,0.00513324
565,1,631605727,False,0.47468176484108,2970,4650,4850,0.000132654726908038,6.19968295723083e-06,0.0010240770643577,165.182174682617,1.66459280517578e-05,100141599,159,227114975232.0,2191807744.0,2244580.0,13588.5126953125,2.6849644864
566,3,631609323,False,0.980840444564819,4840,1810,5810,0.423120203148072,0.0794881632448571,65.8311187721997,828.187695939231,0.053094440153125,100141599,935,109631838208.0,545268608.0,35895642496.0,43342400.125,0.6679540448
567,1,631602946,False,0.0,0,0,0,0.0,0.0,0.0,0.0,0.0,100141599,760,4305397760.0,50563800.0,0.0,0.0,0.061940655
568,1,631596340,False,0.34367361664772,8960,2110,1690,0.000472395357815443,0.00187811115756631,1.07342135906219,571.543029785156,5.92776399414062e-05,100141599,312782586,4344927744.0,25765200.0,27656916.0,48389.91015625,0.03156237
569,1,631602565,False,0.218637526035309,10440,6910,3800,0.00010530978936223,8.43569869175553e-05,0.0143615286797285,170.247039794922,1.32146001708984e-05,100141599,866,1751379200.0,127878304.0,1836527.875,10787.4287109375,0.1566509224
570,3,631606736,False,0.433429002761841,7520,4810,6140,0.0035644744288602,0.00578955627674256,2.72499330667897,470.67394743629,0.000447281346606445,100141599,414,6482144768.0,63066600.0,171856062.875,365127.629882812,0.077256585
571,1,631605387,False,0.509459555149078,7570,370,4300,0.0162239149353466,0.0271476414054632,9.64407730102539,355.245513916016,0.002035827346875,100141599,281,6172800512.0,61217100.0,590382464.0,1661899.875,0.0749909475
572,3,631608450,False,0.999503135681152,6330,3640,7150,0.244886274279588,0.0341134539430017,37.0157023724157,1085.07635826801,0.0307290919632812,100141599,629,145434267648.0,735339584.0,27219111184.0,25084973.03125,0.9007909904
573,3,631609923,False,0.438717305660248,5880,3930,6280,0.00444390566731226,0.00104048342572683,0.32358853643512,310.998261417838,0.000557635115845966,100141599,1083,25864340608.0,437500808.0,141570246.149902,455212.339466095,0.5359384898
574,1,631604987,False,0.280831962823868,6340,1940,4820,0.000556687066131846,1.24337575471145e-05,0.00398532301187515,320.5244140625,6.98548258789062e-05,100141599,382,614002196480.0,4586252288.0,18277696.0,57024.34765625,5.6181590528
575,1,631605997,False,0.918292701244354,7890,1030,4560,4.927263422351,0.00249695770166394,1.4007173653864,560.969600907929,0.618288351514016,100141599,8,22619259595066.0,202136057240.0,283135485546.807,504725184.909401,247.616670119
576,3,631609343,False,0.0,0,0,0,0.0,0.0,0.0,0.0,0.0,100141599,939,1804857152.0,19087200.0,0.0,0.0,0.02338182
577,3,631606624,False,0.675387680530548,9840,2280,8790,0.115945553260946,0.123017333080606,77.4591980245809,629.660846035629,0.01454920893125,100141599,377,22539750400.0,96546600.0,7478422208.0,11876905.25,0.118269585
578,3,631609844,False,0.439699560403824,9470,4310,7200,0.00534190428789574,0.00068124195759711,0.325216267855793,477.387313316551,0.000670318777990723,100141599,1052,89974505472.0,803237376.0,261225861.625,547199.002441406,0.9839657856
579,1,631605413,False,0.830743134021759,7970,920,4960,0.415105144139859,0.124874718487263,84.7026977539062,678.301391601562,0.0520886856,100141599,274,80725770240.0,340512288.0,28842309632.0,42521376.0,0.4171275528
580,1,631603525,False,0.541391730308533,8260,1830,2480,0.0393123968427626,0.0801335051655769,33.2203140258789,414.562103271484,0.004933041925,100141599,601,8627551232.0,50253300.0,1669430400.0,4026973.0,0.0615602925
581,1,631605020,False,0.280831962823868,6340,1940,4820,0.00105417198163531,1.41730990266382e-05,0.00482258561833855,340.263312157388,0.000132280781616211,100141599,375,990999377920.0,7618962608.0,36743099.5,107984.311523438,9.3332291948
582,1,631604979,False,0.411219924688339,12390,4960,4610,0.000863205248901513,2.47689194625985e-05,0.0103788431464389,419.026884160658,0.000108317681563473,100141599,386,453085195200.0,3569901276.0,37051445.3918762,88422.5971946716,4.3731290631
583,3,631606619,False,0.780593931674957,8100,5170,7990,0.0229535543639397,0.000154302620768187,0.154535517540632,1001.50935072447,0.00288028344997559,100141599,375,1991153575936.0,15237925216.0,2354800659.5,2351251.79589844,18.6664583896
584,3,631608360,False,0.619642496109009,7950,1720,9810,0.0427758424091636,0.0148725325224916,6.97017453128571,468.660903631899,0.00536764585546875,100141599,600,43763492864.0,294620416.0,2053555720.0,4381751.71875,0.3609100096
585,2,631598973,False,1.0,7160,2020,8520,1.0510124301123,0.100997846819078,239.075441940538,2367.134047608,0.13188431125625,100141599,896,351990501376.0,1065969876.0,254847219200.0,107660662.25,1.3058130981
586,2,631597652,False,0.249858945608139,12170,2170,7330,0.00122741018006342,4.03736339649186e-05,0.00839664973318577,207.973587036133,0.00015401925,100141599,728,275486244864.0,3114161152.0,26148520.0,125730.0,3.8148474112
587,2,631597120,False,0.530488848686218,6170,4860,6080,0.0794372340301687,0.0152459892606286,6.46300903452958,423.91536056107,0.00996803139335937,100141599,571,66238873600.0,533725188.0,3449470712.0,8137168.484375,0.6538133553
588,2,631597533,False,0.48812797665596,10060,5100,5910,0.00572649071266628,0.00216660578735173,0.942483186721802,435.004455566406,0.0007185778796875,100141599,679,33128329216.0,270743392.0,255171088.0,586594.1875,0.3316606552
589,2,631599285,False,0.507696866989136,7250,3110,6400,0.00309642352658583,0.00106033058624925,0.517121770887055,487.698626818161,0.000388548862469482,100141599,958,30230436864.0,299135712.0,154689589.125,317182.744873047,0.3664412472
590,1,631605487,False,0.346240848302841,8230,2200,1220,0.00234341654058562,0.00112967321183532,0.402686536312103,356.462860107422,0.000294059201953125,100141599,251,30930540544.0,212493600.0,85568312.0,240048.328125,0.26030466
591,1,631605979,False,0.196588695049286,9480,3590,1100,0.000417495975262113,5.92341275478248e-05,0.0167722273617983,283.151428222656,5.238869453125e-05,100141599,20,64147116032.0,721987200.0,12109334.0,42766.28125,0.88443432
592,2,631596312,False,0.657481849193573,7710,2240,9760,0.022029581926962,0.0146172363311052,7.17515468597412,490.869445800781,0.0027643405125,100141599,252,27105568768.0,154379696.0,1107698176.0,2256604.5,0.1891151276
593,2,631599565,False,0.0,0,0,0,0.0,0.0,0.0,0.0,0.0,100141599,1010,12136223744.0,81598496.0,0.0,0.0,0.0999581576
594,1,631601935,False,0.0319888480007648,5660,6030,2950,1.73407870299695e-05,9.21270384424133e-06,0.00222204881720245,241.194000244141,2.17597593383789e-06,100141599,998,24533331968.0,192810592.0,428434.5625,1776.30688476562,0.2361929752
595,1,631601850,False,0.0442067347466946,6550,3620,4100,6.40737139204138e-06,1.16438855002343e-06,0.000745955505408347,640.641357421875,8.04016906738281e-07,100141599,1020,81243365376.0,563678080.0,420478.78125,656.34033203125,0.690505648
596,1,631605621,False,0.0,0,0,0,0.0,0.0,0.0,0.0,0.0,100141599,210,2000424448.0,34849800.0,0.0,0.0,0.042691005
597,3,631606127,False,0.562698900699615,3120,2860,6470,0.0770031070888831,0.0188423462737541,8.34550019301404,442.911942693605,0.00966258956796875,100141599,84,52155111424.0,418622400.0,3493613320.0,7887828.21875,0.51281244
598,3,631609099,False,0.989448368549347,7660,680,6570,3.28965432171292,0.0985470287501975,90.5576091022123,918.927848466774,0.412796064118763,100141599,879,835139324031.5,3419447376.0,309656978821.394,336976378.872459,4.1888230356
599,1,631604616,False,0.383785784244537,10550,5380,1410,0.0129205013563199,5.74093287553057e-05,0.0170209397504958,296.483866290158,0.00162130472831955,100141599,528,3447029939712.0,23053989528.0,392400566.764648,1323514.06393433,28.2411371718
600,2,631599223,False,0.0226243454962969,13040,2320,6480,5.73900447914348e-06,1.24016867175669e-06,0.00019933792646043,160.734527587891,7.20148146057129e-07,100141599,944,96454926336.0,474029088.0,94491.9765625,587.876037597656,0.5806856328
601,1,631605867,False,0.036081675440073,11230,6040,3080,9.24873649874444e-06,2.06995741791616e-06,0.000336786470143124,162.702117919922,1.16056024475098e-06,100141599,101,54198411264.0,457688704.0,154143.359375,947.396118164062,0.5606686624
602,2,631599238,False,0.579428672790527,9030,3580,8040,0.00788645174094799,0.0012722421196991,0.337254700721511,265.086885192321,0.000989616512907886,100141599,948,32972651072.0,634981504.0,214150497.095215,807850.214618683,0.7778523424
603,3,631606238,False,0.000719341158401221,7990,6360,6600,1.24981850036182e-08,1.8368168632041e-08,1.3955260667576e-06,75.9752425357899,1.56831115782261e-09,100141599,210,4871788288.0,69699600.0,97.2676086425781,1.2802540063858,0.08538201
604,1,631602042,False,0.0,0,0,0,0.0,0.0,0.0,0.0,0.0,100141599,974,191382016.0,547686016.0,0.0,0.0,0.6709153696
605,3,631606404,False,0.96801483631134,7570,490,8010,0.258300098807439,0.122662086979706,110.299878531297,899.21736411957,0.03241230041875,100141599,312782550,50316986368.0,215706592.0,23792410896.0,26459020.75,0.2642405752
606,2,631595602,True,1.0,7900,580,7380,0.99999997423792,0.999363694027619,7358.31369100576,7362.99881112391,0.12548310950475,100141599,8,754258123358.375,102500413.057449,754230192734.375,102435191.432449,0.125563005995375
607,2,631596674,False,0.0,0,0,0,0.0,0.0,0.0,0.0,0.0,100141599,390,1469301504.0,21125700.0,0.0,0.0,0.0258789825
608,2,631596463,False,1.0,8150,2400,6620,4.12511285628547,0.025558041408658,41.2495956420898,1613.95764160156,0.5176320016,100141599,313,3098622536608.0,16533220352.0,681988653056.0,422556736.0,20.2531949312
609,1,631601590,False,0.52113926410675,7690,1540,2560,0.00614788457921097,0.00115846202243119,0.459516286849976,396.66064453125,0.00077145569375,100141599,1070,84035354624.0,543617088.0,249800912.0,629759.75,0.6659309328
610,2,631601057,False,0.999510824680328,7090,2840,6820,0.0615547132717435,0.00325356307439506,3.51733446121216,1081.07153320312,0.007724077025,100141599,10703,227282681856.0,1937988864.0,6816555008.0,6305369.0,2.3740363584
611,1,631605878,False,0.290165334939957,6170,5090,1710,0.00130471150207183,3.7622548932768e-05,0.0113855215684835,302.624938805437,0.000163719260504336,100141599,95,130118673300.0,3552347720.0,40445331.5848131,133648.375921907,4.351625957
612,3,631607187,False,0.998863101005554,8940,6090,6650,0.0879186968141401,0.0145094306320186,13.0600336716496,900.106558477182,0.011032311744059,100141599,574,63706916864.0,620697600.0,8106331555.91211,9005968.7706604,0.76035456
613,1,631605772,False,0.0,0,0,0,0.0,0.0,0.0,0.0,0.0,100141599,143,1108856832.0,9846000.0,0.0,0.0,0.01206135
614,1,631596069,False,0.0,0,0,0,0.0,0.0,0.0,0.0,0.0,100141599,589508455,4447440384.0,38315700.0,0.0,0.0,0.0469367325
615,2,631597682,False,0.342301547527313,9500,4310,6440,0.000598018679496017,4.82873014502976e-05,0.0160912035883856,333.238824806731,7.50412453783035e-05,100141599,752,19714268672.0,1268618408.0,20413597.0791016,61258.1594924927,1.5540575498
616,3,631609806,False,0.191900357604027,9880,5360,6010,0.000320765733820078,7.24986015468756e-05,0.0203153586521421,280.217248590743,4.02506827392578e-05,100141599,1043,21631563776.0,453218400.0,9207294.34375,32857.7001953125,0.55519254
617,3,631606566,False,0.512317478656769,5870,2590,8580,0.0183289315120213,0.000690985955148405,0.242178033747767,350.481846907805,0.00229997137928009,100141599,353,284281938528.0,2717171952.0,658039360.689941,1877527.65655518,3.3285356412
618,3,631607232,False,0.82199239730835,5660,4930,9330,0.034792424442678,0.00719028892448216,2.4158116509655,335.982555963769,0.00436586171875,100141599,583,34920286720.0,495664192.0,1197431330.0,3563968.75,0.6071886352
619,3,631606225,False,0.352660596370697,7420,5610,6570,0.000760959701342224,4.19519130069136e-05,0.0124799633726672,297.482581321394,9.54875919921875e-05,100141599,194,149602680832.0,1858057216.0,23188486.0,77949.0546875,2.2761200896
620,3,631606523,False,0.0125982593744993,5790,3500,5740,1.95005539638354e-06,1.07139035302029e-05,0.00223606015747356,208.70639269525,2.44699021148682e-07,100141599,338,343852512.0,18644400.0,41690.0,199.754302978516,0.02283939
621,3,631606100,False,0.180339470505714,6640,5580,6120,7.64372377309396e-05,6.65930412139877e-05,0.0260273282881632,390.841562627061,9.59158251953125e-06,100141599,63,13428001280.0,117577800.0,3060236.0,7829.86328125,0.144032805
622,2,631605492,False,0.549043715000153,8730,2360,9350,0.0101872994868609,0.143714264035225,101.552749633789,706.629577636719,0.00127833405,100141599,312782598,1691164160.0,7261200.0,737394816.0,1043538.0,0.00889497
623,3,631609238,False,0.742581963539124,8170,3510,8230,0.0237017965447901,0.0134361905191537,10.2834349944438,765.353466801799,0.00297417520791016,100141599,916,9990026752.0,180698400.0,1858200250.0,2427898.12890625,0.22135554
624,3,631610151,False,1.0,7670,1320,7850,0.293183683325369,0.0310941556007799,21.6553344697403,696.443883145587,0.0367896011875,100141599,484682512,96884760576.0,965851200.0,20915830784.0,30032327.5,1.18316772
625,1,631605551,False,0.0118945306167006,12450,7010,4260,4.92613017348418e-06,1.96820546748178e-06,0.000431545449186938,219.258332687734,6.18146147918701e-07,100141599,235,13519002576.0,256380296.0,110639.75,504.609100341797,0.3140658626
626,2,631597589,False,0.118108995258808,3880,4330,7830,2.82314474536222e-05,0.00210014078766108,0.650177478790283,309.587585449219,3.54256990356445e-06,100141599,699,131091632.0,1377000.0,895294.375,2891.89379882812,0.001686825
627,1,631605929,False,0.209710001945496,9710,3070,1530,0.000843333886323209,0.000145755198900588,0.0429143160581589,294.427337646484,0.000105824161132812,100141599,52,60073779200.0,592686016.0,25434714.0,86387.0703125,0.7260403696
628,1,631601389,False,0.300034046173096,8230,2890,4490,0.000828615250021204,9.0677673804911e-05,0.033446073615707,368.84573911396,0.000103977220834386,100141599,1100,144542605312.0,936055816.0,31307391.7303467,84879.3639464378,1.1466683746
629,3,631606015,False,1.0,6470,3540,8350,0.922220940640869,0.0500477821779873,134.447597594082,2686.3847256196,0.115723154263281,100141599,6,341163331584.0,1887553792.0,253777072664.0,94467881.03125,2.3122533952
630,2,631601164,False,1.0,7160,2020,8520,0.911134037925983,0.112064465880394,282.309204101562,2519.16796875,0.1143319352,100141599,484682520,309117157376.0,832843776.0,235119460352.0,93332192.0,1.0202336256
631,1,631601315,False,0.375907570123672,6150,4490,5410,0.00391968310930482,0.00799810141324997,3.01788353919983,377.324981689453,0.0004918540375,100141599,1113,6836720640.0,50201100.0,151501072.0,401513.5,0.0614963475
632,1,631600470,False,0.565835237503052,6100,2010,4850,0.0759749426996343,0.00568701140582561,2.15466976165771,378.875610351562,0.0095335723,100141599,484682516,97904771072.0,1368470656.0,2948602368.0,7782508.0,1.6763765536
633,1,631603568,False,0.0,0,0,0,0.0,0.0,0.0,0.0,0.0,100141599,496345672,6064131072.0,43132500.0,0.0,0.0,0.0528373125
634,2,631596530,False,0.456408739089966,8450,4340,10050,0.00449131922305288,0.0189701244235039,6.55931234359741,345.770660400391,0.00056358471640625,100141599,335,2616270336.0,24252300.0,159078416.0,460069.15625,0.0297090675
635,1,631602075,False,0.0353007353842258,12260,4770,5440,8.75750318255573e-06,1.31229410271771e-06,9.37992881517857e-05,71.4773330688477,1.09891875915527e-06,100141599,968,92007940096.0,683594112.0,64120.640625,897.076538085938,0.8374027872
636,3,631606190,False,0.0600036382675171,4620,6600,5890,2.04093096014681e-05,1.13547439197396e-06,0.000228335614899843,201.092703203014,2.56102369761467e-06,100141599,141,164792292848.0,1841196600.0,420410.7578125,2090.63158988953,2.255465835
637,3,631609022,False,0.742581963539124,8170,3510,8230,0.0305296677930136,0.00265790961697114,1.95113213835548,734.085209631364,0.00383095774550781,100141599,848,24035666700.0,1176606016.0,2295713812.0,3127312.4453125,1.4413423696
638,2,631603387,False,1.0,7950,3490,8200,0.196414817996804,0.215676710009575,661.131286621094,3065.38110351562,0.02464674275,100141599,496345664,75259068416.0,93286800.0,61674823680.0,20119790.0,0.11427633
639,1,631602685,False,0.147003620862961,7630,2940,5610,9.19307511574029e-05,9.99443291220814e-05,0.0220782663673162,220.905639648438,1.15357568115234e-05,100141599,832,3777727808.0,94221896.0,2080256.125,9416.9443359375,0.1154218226
640,1,631602401,False,0.222337931394577,12580,4890,4650,3.60715701718724e-05,4.01081815653015e-05,0.0571064278483391,1423.80993652344,4.52637290649414e-06,100141599,903,11291212800.0,92125800.0,5260975.5,3694.99829101562,0.112854105
641,3,631609233,False,0.0,0,0,0,0.0,0.0,0.0,0.0,0.0,100141599,914,1312087936.0,10499400.0,0.0,0.0,0.012861765
642,3,631609268,False,0.456408739089966,8450,4340,10050,0.00809442454315774,0.00116648706894799,0.392302254526905,336.310847303869,0.0010157135874939,100141599,922,64932958496.0,710812808.0,278853467.125,829153.948974609,0.8707456898
643,2,631596543,False,0.0125982593744993,5790,3500,5740,1.95005539638354e-06,2.14278079511132e-05,0.0044721201993525,208.706390380859,2.44699021148682e-07,100141599,338,172489152.0,9322200.0,41690.0,199.754302978516,0.011419695
644,2,631599269,False,0.225317925214767,12600,7110,6720,8.85084082551122e-05,3.92847578041255e-05,0.00459554605185986,116.98038482666,1.11063105712891e-05,100141599,955,11244545024.0,230786096.0,1060588.125,9066.3759765625,0.2827129676
645,2,631596100,False,0.38571161031723,10240,4270,5720,0.00116925169442101,0.000362864573919023,0.131617687870538,362.718483232011,0.000146721342189494,100141599,165,45404683072.0,330075000.0,43443708.3238678,119772.524236321,0.404341875
646,2,631597572,False,0.354556262493134,3500,4790,7730,0.00185733299331087,0.00071066030068323,0.281623929738998,396.284881591797,0.000233063925390625,100141599,694,30945093632.0,267717600.0,75395680.0,190256.265625,0.32795406
647,2,631596077,False,0.730230450630188,7680,2400,9380,0.0559356776930259,0.0689985230565071,33.6610908508301,487.852325439453,0.00701898295,100141599,156,13621725184.0,83042096.0,2795287552.0,5729782.0,0.1017265676
648,1,631601741,False,0.633920609951019,7560,1120,4410,0.0934577718799241,0.15347096323967,91.3697280883789,595.355163574219,0.011727372125,100141599,1046,14613685248.0,62379000.0,5699552256.0,9573365.0,0.076414275
649,3,631608964,False,0.0,0,0,0,0.0,0.0,0.0,0.0,0.0,100141599,830,30787484672.0,338455808.0,0.0,0.0,0.4146083648
650,3,631606083,False,0.763019382953644,4010,3260,6200,0.715200112999637,0.0337973431837845,20.144294276723,596.031888281323,0.089745536409375,100141599,48,345744295936.0,2167675192.0,43666286964.0,73261662.375,2.6554021102
651,3,631610254,False,1.0,6610,3520,7840,0.820512704629035,0.0645231303405424,181.365208382465,2810.85569508561,0.10296048821748,100141599,262,406652788736.0,1302624000.0,236250673204.0,84049378.1367188,1.5957144
652,1,631596213,False,0.46526238322258,9110,2660,1650,0.0451578158446096,0.00801576078459909,3.21662101432844,401.287051942547,0.00566654329660644,100141599,312782628,72861068416.0,577081796.0,1856253432.0,4625749.62988281,0.7069252001
653,3,631609896,False,0.899947643280029,7910,3630,7720,0.0365578793024169,0.0240389627328965,40.0804844602768,1667.3133905827,0.00458739648994751,100141599,1072,28763437056.0,155780992.0,6243777629.0625,3744813.46118164,0.1908317152
654,2,631599627,False,0.969987273216248,5350,1560,6420,0.499540655571329,0.0478238984942436,45.3621444702148,948.524597167969,0.0626839164,100141599,1021,182207004672.0,1069978496.0,48536518656.0,51170544.0,1.3107236576
655,1,631603168,False,0.0,0,0,0,0.0,0.0,0.0,0.0,0.0,100141599,697,10340967424.0,299553312.0,0.0,0.0,0.3669528072
656,2,631601137,False,0.27095565199852,9160,4290,9200,0.00135279829853614,0.000231873986194842,0.0902964025735855,389.420135498047,0.00016975334140625,100141599,484682470,83716358144.0,597627008.0,53963568.0,138574.15625,0.7320930848
657,1,631605936,False,0.52778160572052,6060,2200,5450,0.0293267272760403,0.00277171507160008,1.19222808358827,430.140924586455,0.003680009025,100141599,48,148133618176.0,1083837596.0,1292181620.0,3004089.0,1.3277010551
658,1,631603498,False,0.00521228136494756,7480,2680,5690,2.53734293172773e-07,1.20858953778225e-06,0.000188075136975385,155.61540222168,3.18393689155579e-08,100141599,611,934420352.0,21505500.0,4044.64990234375,25.9913215637207,0.0263442375
659,2,631597200,False,1.0,8530,400,7660,1.08184161707903,0.194916769862175,201.386093139648,1033.19018554688,0.1357528536,100141599,593,188666626048.0,568543488.0,114496749568.0,110818656.0,0.6964657728
660,2,631596726,False,0.0,0,0,0,0.0,0.0,0.0,0.0,0.0,100141599,413,1549484416.0,112570200.0,0.0,0.0,0.137898495
661,3,631609079,False,0.38571161031723,10240,4270,5720,0.000812175638410382,0.000604605205276528,0.255817943021508,423.115680759819,0.000101914327197266,100141599,872,15430153728.0,137602800.0,35201265.25,83195.369140625,0.16856343
662,2,631595815,False,0.925435125827789,8240,4500,7970,0.0156573774720647,0.199292540550232,296.203674316406,1486.27587890625,0.0019647364625,100141599,66,3660915456.0,8047800.0,2383788032.0,1603866.5,0.009858555
663,3,631606432,False,0.0,0,0,0,0.0,0.0,0.0,0.0,0.0,100141599,311,69460840448.0,640112384.0,0.0,0.0,0.7841376704
664,2,631597175,False,0.982730388641357,7860,3450,7870,0.0233072482718784,0.0553522855043411,84.3079223632812,1523.11535644531,0.0029246660625,100141599,496345672,11511346176.0,43132500.0,3636411392.0,2387482.5,0.0528373125
665,2,631596913,False,0.342836767435074,3560,3840,6720,0.00248757506328738,0.0129477316513658,4.10403108596802,316.969116210938,0.000312148662109375,100141599,488,1580066304.0,19680300.0,80768560.0,254815.234375,0.0241083675
666,3,631606389,False,0.067385159432888,6480,6970,3930,9.67446834522302e-06,4.41188326379637e-05,0.00550651996395611,124.811098451817,1.21398240203857e-06,100141599,292,1392816064.0,22462200.0,123688.552734375,991.006042480469,0.027516195
667,1,631601540,False,0.0989265292882919,8640,3800,3110,5.25829408420503e-05,4.32986525993329e-05,0.00727467751130462,168.011642456055,6.59827109375e-06,100141599,1079,17676666880.0,124399800.0,904968.4375,5386.34375,0.152389755
668,2,631596987,False,0.370257258415222,10350,2680,9110,0.00351274319838956,0.000641697261016816,0.198038011789322,308.615966796875,0.00044078995078125,100141599,526,50061086720.0,560745024.0,111048832.0,359828.53125,0.6869126544
669,1,631603577,False,0.140342742204666,5850,2650,5690,4.0191712777623e-05,2.57102456089342e-05,0.00756984623149037,294.429168701172,5.04338122558594e-06,100141599,581,13510421504.0,160132496.0,1212178.375,4117.0458984375,0.1961623076
670,3,631609091,False,0.191900357604027,9880,5360,6010,0.000320765733820078,7.15138895860403e-05,0.0200394253758224,280.217248590743,4.02506827392578e-05,100141599,877,22024759253.4609,459459000.0,9207294.34375,32857.7001953125,0.562837275
671,3,631610011,False,0.0,0,0,0,0.0,0.0,0.0,0.0,0.0,100141599,1109,14007889920.0,87003000.0,0.0,0.0,0.106578675
672,1,631603597,False,0.521081268787384,8840,1750,2060,0.000780271453937932,0.00099180347751826,0.525314450263977,529.655822753906,9.79108908203125e-05,100141599,573,13127522304.0,80587800.0,42333936.0,79927.2578125,0.098720055
673,2,631596590,False,0.405440866947174,9610,6570,6230,0.0117796477171607,8.65952024469152e-05,0.0176334567368031,203.630859375,0.0014781468625,100141599,354,1297649981312.0,13934380032.0,245711280.0,1206650.5,17.0696155392
674,1,631602347,False,0.0,0,0,0,0.0,0.0,0.0,0.0,0.0,100141599,911,192284256.0,3061800.0,0.0,0.0,0.003750705
675,2,631596166,False,0.0860682353377342,10980,4630,6120,1.54763913204733e-05,1.93873279386025e-06,0.000982371508143842,506.7080078125,1.94202575683594e-06,100141599,202,121103376384.0,817713024.0,803297.9375,1585.3271484375,1.0016984544
676,3,631608632,False,0.0,0,0,0,0.0,0.0,0.0,0.0,0.0,100141599,693,45648009216.0,494508608.0,0.0,0.0,0.6057730448
677,3,631606258,False,0.267706394195557,9680,4630,6010,0.000365038189769415,0.000964785172779016,0.391383599603691,405.669169309816,4.58061283203125e-05,100141599,231,3787530496.0,38757600.0,15169089.0,37392.7578125,0.04747806
678,1,631605769,False,0.151690781116486,11480,5770,3110,0.000165433216067704,3.91764297091868e-05,0.00780219258740544,199.155288696289,2.07590749023437e-05,100141599,145,8732856832.0,432560704.0,3374922.0,16946.18359375,0.5298868624
679,2,631599553,True,0.00045046623563394,8290,1170,7200,2.57620800751443e-08,1.0,7595.47802734375,7595.47802734375,3.23270599842071e-09,100141599,1009,20044.0390625,2.63894367218018,20044.0390625,2.63894367218018,3.23270599842071e-09
680,2,631597668,False,0.292506545782089,7370,4530,6660,0.000790097178476497,0.000835522019769996,0.363205671310425,434.705078125,9.91438533203125e-05,100141599,741,10944382976.0,96866096.0,35182316.0,80933.7578125,0.1186609676
681,1,631601628,False,0.0347334370017052,12070,3680,1690,2.55961065182782e-05,1.13980968308169e-06,0.000249415752477944,218.822280883789,3.21187911987305e-06,100141599,1064,410370342912.0,2300333312.0,573739.375,2621.94213867188,2.8179083072
682,1,631605257,False,0.0102426270022988,7470,4400,3090,3.24597555795842e-07,2.75090701506997e-06,0.000582142674829811,211.618438720703,4.07315116882324e-08,100141599,321,2234919936.0,12087000.0,7036.3583984375,33.2502136230469,0.014806575
683,3,631609229,False,0.0,0,0,0,0.0,0.0,0.0,0.0,0.0,100141599,912,10144494592.0,109465200.0,0.0,0.0,0.13409487
684,2,631596627,False,0.65769624710083,6190,1780,7770,0.0922922383978057,0.00557342913215407,2.75925548629182,495.073216302905,0.0115811173556641,100141599,369,247189838592.0,1696257928.0,4680408994.0,9453973.3515625,2.0779159618
685,1,631602824,False,0.0,0,0,0,0.0,0.0,0.0,0.0,0.0,100141599,792,10583938112.0,309593712.0,0.0,0.0,0.3792522972
686,3,631609135,False,0.582246959209442,7430,2460,9250,0.0182147500186761,0.0099653235931655,3.50345743578569,351.564844134962,0.00228564353007812,100141599,893,16302871552.0,187232400.0,655960744.0,1865831.453125,0.22935969
687,1,631603592,False,0.337738215923309,6540,3370,4930,0.00173322708796022,0.00109310518018901,0.415128111839294,379.769622802734,0.000217490730078125,100141599,575,19257186304.0,162421200.0,67425608.0,177543.453125,0.19896597
688,2,631596884,False,0.904057860374451,7910,3720,7810,0.128307559419859,0.0417337760669203,61.1616358947296,1465.51885927256,0.01610043194375,100141599,475,66178258944.0,314929800.0,19261621760.0,13143209.75,0.385789005
689,3,631606731,False,0.0453119501471519,10190,6490,3090,7.48802319679706e-06,3.40692789643707e-06,0.000585921954145058,171.979558110933,9.39620458984375e-07,100141599,413,2210594624.0,225140400.0,131914.703125,767.037109375,0.27579699
690,3,631610105,False,0.0039967056363821,2280,3980,7010,4.05579969429142e-07,1.66474986924014e-07,2.22943566349203e-05,133.920158498624,5.08934370279312e-08,100141599,204,20429822976.0,249560992.0,5563.8017578125,41.5456628799438,0.3057122152
691,3,631608515,False,0.0691047683358192,5230,2530,9190,2.03539139228809e-06,4.22641978759774e-07,0.000153786992449249,363.870604856932,2.55407247543335e-07,100141599,654,61269094400.0,493315200.0,75865.4609375,208.495712280273,0.60431112
692,1,631603256,False,0.274506330490112,8070,1870,1740,0.000232560413534696,0.000399512500735,0.156936287879944,392.819458007812,2.91824045898437e-05,100141599,678,10100376576.0,59628600.0,9357891.0,23822.37109375,0.073045035
693,1,631596204,False,0.263936161994934,10030,2780,1420,0.000604549949532866,0.000551248900592327,0.165351286530495,299.957580566406,7.58608094726562e-05,100141599,312782632,9697463296.0,112339800.0,18575530.0,61927.19140625,0.137616255
694,3,631609722,False,0.818329632282257,6660,3450,7420,0.09794661328351,0.00889974321897707,7.45627257208693,837.807607323748,0.0122906459169067,100141599,1020,178797723648.0,1127356160.0,8405874814.78125,10033180.340332,1.381011296
695,3,631609293,False,0.134178638458252,10160,4060,7710,0.000900659078516503,1.52413951069982e-05,0.00273320698937032,179.327874527401,0.0001130175046875,100141599,928,991145525248.0,6053198336.0,16544644.0,92259.1875,7.4151679616
696,2,631596392,False,1.0,7960,340,7490,0.250285248467742,0.42715722322464,796.033447265625,1863.56079101562,0.03140657205,100141599,281,57105787392.0,60020096.0,47778004992.0,25638018.0,0.0735246176
697,3,631609967,False,0.749597012996674,6390,4280,6460,0.120332548903154,0.056068592365694,28.6138501161702,510.336516557134,0.0150997028,100141599,1096,39175061504.0,219843008.0,6290554880.0,12326288.0,0.2693076848
698,1,631601609,False,0.583448231220245,7770,470,4270,0.0433930744242261,0.0477295629680157,18.0871315002441,378.950256347656,0.00544509805,100141599,1066,11836214272.0,93128400.0,1684425600.0,4444978.0,0.11408229
699,1,631602509,False,0.830743134021759,7970,920,4960,0.634931942479362,0.0380408701163179,23.0417787508598,605.711138583443,0.07967323651875,100141599,879,269570098674.031,1709723688.0,39395074944.0,65039376.75,2.0944115178
700,3,631606174,False,0.026113998144865,9950,4950,3650,2.38719438068617e-06,1.55076314779695e-06,0.000310659083673171,200.326583794889,2.99552581597865e-07,100141599,123,21204971520.0,157685408.0,48986.4043579102,244.532719671726,0.1931646248
701,3,631609253,False,0.151690781116486,11480,5770,3110,0.00034176924772896,8.42555671526935e-05,0.0137137654869173,162.763909262688,4.28862690429687e-05,100141599,153,10852656640.0,415512000.0,5698234.125,35009.19921875,0.5090022
702,2,631596634,False,0.0,0,0,0,0.0,0.0,0.0,0.0,0.0,100141599,372,2397250048.0,24060600.0,0.0,0.0,0.029474235
703,1,631600544,False,0.0,0,0,0,0.0,0.0,0.0,0.0,0.0,100141599,526322264,38572276.0,423900.0,0.0,0.0,0.0005192775
704,2,631596979,False,0.0,0,0,0,0.0,0.0,0.0,0.0,0.0,100141599,523,28701786112.0,249988496.0,0.0,0.0,0.3062359076
705,3,631609481,False,0.0353007353842258,12260,4770,5440,3.08406154481353e-05,2.31070190135791e-06,0.000358816849986999,155.284785880921,3.8699764251709e-06,100141599,968,175808405504.0,1367188224.0,490570.171875,3159.16442871094,1.6748055744
706,2,631597537,False,0.65361475944519,3560,3900,6690,0.00152560740516665,0.0360622815787792,13.3686838150024,370.710998535156,0.000191437966015625,100141599,680,309792736.0,4333500.0,57933192.0,156275.890625,0.0053085375
707,3,631608776,False,0.124894455075264,7590,5490,6210,8.89601229689316e-05,0.000304077237236054,0.0950369892085611,312.542267459449,1.11629931396484e-05,100141599,753,2459191616.0,29968200.0,2848087.5,9112.6474609375,0.036711045
708,2,631597705,True,0.00045046623563394,8290,1170,7200,2.57620800751443e-08,1.0,7595.4781732573,7595.4781732573,3.23270599842071e-09,100141599,768,20044.0390625,2.63894367218018,20044.0390625,2.63894367218018,3.23270599842071e-09
709,2,631597814,False,0.351035982370377,9630,6940,5730,0.00358498246944363,0.00272526126354933,0.409761875867844,150.356918334961,0.000449854759375,100141599,841,2186378240.0,134749792.0,55215328.0,367228.375,0.1650684952
710,3,631607123,False,0.0,0,0,0,0.0,0.0,0.0,0.0,0.0,100141599,551,28789386240.0,233706592.0,0.0,0.0,0.2862905752
711,1,631603414,False,0.0,0,0,0,0.0,0.0,0.0,0.0,0.0,100141599,632,42990030848.0,722043008.0,0.0,0.0,0.8845026848
712,1,631604787,False,0.0,0,0,0,0.0,0.0,0.0,0.0,0.0,100141599,451,19628310528.0,188746208.0,0.0,0.0,0.2312141048
713,3,631608956,False,0.639407634735107,3720,3630,6230,0.00377196425660331,0.00127691985125327,0.484106838394174,379.120770907455,0.000473317816053009,100141599,827,35519516672.0,302588992.0,146485400.25,386381.890655518,0.3706715152
714,2,631595579,False,0.465493470430374,9750,2480,7480,0.00710908719570503,0.000364018496661285,0.196408370812275,539.556018756461,0.000892070390039062,100141599,4,398851104768.0,2000504736.0,392915876.0,728220.7265625,2.4506183016
715,3,631606932,False,0.0697587952017784,7550,2940,5890,6.56763540045675e-05,2.33575732076159e-05,0.00428916156945092,183.630445308951,8.24127333374023e-06,100141599,483,23646140416.0,288025216.0,1235386.6875,6727.57006835938,0.3528308896
716,1,631601403,False,0.0445666089653969,13000,6500,4280,1.79044818423185e-05,3.68783685189555e-06,0.000555704580619931,150.685791015625,2.24671011352539e-06,100141599,1098,54180732928.0,497323808.0,276365.125,1834.04907226562,0.6092216648
717,2,631597077,False,0.432406365871429,5530,2330,9940,0.0041502456514477,0.00233657006174326,0.457796335220337,195.926651000977,0.00052078574296875,100141599,558,19095330816.0,181946704.0,83294536.0,425131.21875,0.2228847124
718,1,631596395,False,0.666369676589966,7150,1220,4120,0.0519678861182208,0.0529589168727398,23.266658782959,439.334106445312,0.0065210921125,100141599,312782566,15182919680.0,100518304.0,2338725120.0,5323340.5,0.1231349224
719,2,631600128,False,0.420021802186966,10350,6700,6320,0.00216326941032159,0.000209630947210826,0.0611672513186932,291.785400390625,0.000271453779296875,100141599,1093,88974401536.0,1057071616.0,64658164.0,221594.921875,1.2949127296
720,3,631609510,False,0.270605474710464,4520,3140,9010,0.000363740570565342,3.40156904220647e-05,0.015092001180472,443.677637972691,4.56432990234375e-05,100141599,974,99686818304.0,1095372032.0,16531356.0,37259.8359375,1.3418307392
721,3,631609109,False,0.675290048122406,5800,1930,6810,0.0201395813282413,0.0124721111151919,5.1079310703395,409.548233106878,0.00252717735429687,100141599,882,11821897472.0,165409200.0,844898792.0,2063001.921875,0.20262627
722,1,631605875,False,0.0,0,0,0,0.0,0.0,0.0,0.0,0.0,100141599,96,44801843200.0,275488192.0,0.0,0.0,0.3374730352
723,1,631605011,False,0.582591950893402,6690,2850,1710,0.0121858438362717,0.000307591445208973,0.114910080228689,373.580221487047,0.00152911761590792,100141599,378,357595764736.0,4058172936.0,466324977.657654,1248259.27829218,4.9712618466
724,3,631606961,False,0.420583426952362,4470,5280,6580,0.00645563863117134,8.49088780451519e-05,0.038239644052085,450.360962628081,0.000810073630147552,100141599,493,1009053652992.0,7788167872.0,297816767.243164,661284.596038818,9.5405056432
725,2,631596474,False,1.0,7210,1750,8360,31.4847840455859,0.0582423218738943,80.0843825263824,1375.02043101544,3.95080870590672,100141599,315,12186402404267.1,55374680477.0,4434647093596.27,3225149964.00549,67.833983584325
726,2,631596416,False,0.0161795318126678,6390,7160,7630,2.67617098521062e-06,2.44084803853184e-05,0.00165062351152301,67.625,3.35814265441894e-07,100141599,292,546824960.0,11231100.0,18538.318359375,274.134094238281,0.0137580975
727,2,631597260,False,0.64048570394516,3420,3930,6550,0.0535694011198487,0.0510683543980122,19.9006614685059,389.686737060547,0.0067220552,100141599,608,11996958720.0,107451904.0,2138363904.0,5487392.0,0.1316285824
728,1,631605943,False,0.0,0,0,0,0.0,0.0,0.0,0.0,0.0,100141599,42,22574536704.0,148631392.0,0.0,0.0,0.1820734552
729,3,631608405,False,0.999988615512848,8510,1910,9280,0.239187049891502,0.0865552332585174,82.1083081023354,948.623266453454,0.030013935546875,100141599,613,73069600768.0,283069792.0,23242381696.0,24501171.875,0.3467604952
730,3,631608882,False,0.0,0,0,0,0.0,0.0,0.0,0.0,0.0,100141599,798,2237607424.0,97255800.0,0.0,0.0,0.119138355
731,3,631606064,False,0.0,0,0,0,0.0,0.0,0.0,0.0,0.0,100141599,35,4431343104.0,29278800.0,0.0,0.0,0.03586653
732,2,631596455,False,0.374334335327148,5070,3850,5780,0.00218112933035772,0.00104677211493254,0.328338891267776,313.66796875,0.00027369489765625,100141599,310,13298594816.0,213441296.0,70081080.0,223424.40625,0.2614655876
733,2,631596467,False,0.340245217084885,5870,4920,9340,0.00263347782903587,0.00137575448025018,0.457564353942871,332.591583251953,0.0003304569953125,100141599,314,18930491392.0,196082096.0,89720176.0,269760.8125,0.2402005676
734,3,631609298,False,0.342342227697372,6180,1120,8480,0.00294865606482364,0.00101246201316868,0.421141288386425,415.957619060084,0.00037000654140625,100141599,182305697,30924913152.0,298328384.0,125638400.0,302046.15625,0.3654522704
735,3,631608562,False,1.0,7770,560,7500,16.1620063775,0.137745848411059,240.756377544905,1747.83037254555,2.02805886833132,100141599,669,4661617297474.38,12018933993.0,2893635010106.0,1655558259.8623,14.723194141425
736,2,631599384,False,0.77303946018219,8400,4340,10050,0.0161868488172568,0.00948645826429129,3.22696304321289,340.165191650391,0.002031176175,100141599,977,18402983936.0,174786304.0,564028928.0,1658103.0,0.2141132224
737,1,631604697,False,0.63624495267868,4970,3230,4340,0.267920085950854,0.00234398692297248,0.995957593254522,424.898954637306,0.03361944635,100141599,485,1298040356864.0,11708446720.0,11661116416.0,27444446.0,14.342847232
738,3,631607209,False,0.646928429603577,3810,4670,7490,0.037816117278991,0.00495019170156212,1.79866986654828,363.353577999956,0.0047452841078125,100141599,579,51865018368.0,782535616.0,1407523232.0,3873701.3125,0.9586061296
739,3,631608401,False,0.28138679265976,9590,4280,7590,0.000961398068646818,0.000151182308809647,0.079203923847874,523.896773845408,0.000120639222233582,100141599,612,78267592704.0,651405568.0,51593877.0019531,98480.9977416992,0.7979718208
740,2,631599618,False,0.818329632282257,6660,3450,7420,0.097940205912118,0.0177983213216066,14.9117994308472,837.820495605469,0.0122898419,100141599,1020,97554358272.0,563678080.0,8405454336.0,10032524.0,0.690505648
741,2,631599444,False,0.265997648239136,9260,3450,10030,0.00186216180853872,0.000800093053840101,0.29282620549202,365.990173339844,0.00023366986015625,100141599,988,24469200896.0,238410896.0,69812960.0,190750.90625,0.2920533476
742,2,631595796,False,0.141933470964432,7040,3730,5790,0.000152840993927226,0.00019722108845599,0.0712410137057304,361.22412109375,1.9178963671875e-05,100141599,59,9102747648.0,79384496.0,5655432.0,15656.296875,0.0972460076
743,1,631602374,False,0.260119169950485,6430,4400,5250,0.00049219938049183,0.000470539904199541,0.191481083631516,406.939086914062,6.17627103515625e-05,100141599,907,15043554304.0,107150400.0,20517274.0,50418.5390625,0.13125924
744,1,631605206,False,0.176775217056274,7540,6560,4430,8.3904784102851e-05,1.88022978783483e-05,0.00306016130755918,162.754644531139,1.052863348279e-05,100141599,331,41247346368.0,457114492.0,1398844.08154297,8594.80284309387,0.5599652527
745,1,631602675,False,0.0295935571193695,7410,4590,710,2.31190330451096e-05,2.03569252335001e-05,0.00327985268086195,161.117279052734,2.90104822998047e-06,100141599,836,7770411520.0,116334000.0,381558.375,2368.20263671875,0.14250915
746,3,631609115,False,0.357612013816833,7720,4980,9580,0.000620724543345763,0.000432119395516688,0.128028558137856,296.280517528659,7.78904478515625e-05,100141599,884,11161314304.0,147144608.0,18838712.0,63584.0390625,0.1802521448
747,3,631610015,False,0.627362787723541,6950,1130,7440,0.0491052704282888,0.0158326165673894,8.8893904128947,561.46060097257,0.00616188218515625,100141599,1111,53476845568.0,317705408.0,2824207408.0,5030107.90625,0.3891891248
748,2,631596966,False,0.0,0,0,0,0.0,0.0,0.0,0.0,0.0,100141599,515,16739586048.0,182888992.0,0.0,0.0,0.2240390152
749,2,631600264,False,0.682297587394714,6400,4280,6460,0.0399222092277175,0.0814611464738846,35.8847465515137,440.513610839844,0.00500956308125,100141599,1113,7978980352.0,50201100.0,1801453696.0,4089439.25,0.0614963475
750,2,631595830,False,0.0,0,0,0,0.0,0.0,0.0,0.0,0.0,100141599,72,5641943040.0,44788500.0,0.0,0.0,0.0548659125
751,3,631609889,False,0.107669189572334,10510,6930,6560,2.85237060011512e-05,3.43630053001501e-05,0.00751617423744596,218.728663916166,3.57924341583252e-06,100141599,1069,2812422144.0,85028400.0,639088.26953125,2921.83135986328,0.10415979
752,2,631598989,False,0.419063925743103,10420,4270,5710,0.00409839793154883,0.00172311754431576,0.766744196414948,444.975006103516,0.0005142797296875,100141599,898,25194340352.0,243639904.0,186809488.0,419820.1875,0.2984588824
753,1,631605377,False,0.0,0,0,0,0.0,0.0,0.0,0.0,0.0,100141599,286,1471337984.0,29599200.0,0.0,0.0,0.03625902
754,1,631601191,False,0.00308161997236311,2370,3940,4650,9.31878762918264e-08,7.65000791602688e-08,1.37934757731273e-05,180.306671142578,1.16935047864914e-08,100141599,204,9966583808.0,124780496.0,1721.15673828125,9.5457181930542,0.1528561076
755,1,631602626,False,0.46039867401123,9160,1780,5620,0.000469855451647367,0.000166495898156427,0.0949737951159477,570.42724609375,5.8958924609375e-05,100141599,851,32791019520.0,289074592.0,27454512.0,48129.734375,0.3541163752
756,3,631606304,False,0.979531943798065,8900,2160,9360,0.0977879727720204,0.0752296255897422,61.4410725835402,816.713789306934,0.0122707392117187,100141599,312782590,29908727808.0,133151400.0,8180964832.0,10016929.96875,0.163110465
757,1,631602335,False,0.0,0,0,0,0.0,0.0,0.0,0.0,0.0,100141599,914,680370304.0,5249700.0,0.0,0.0,0.0064308825
758,3,631609486,False,0.851999282836914,2640,3930,6580,0.225225982721529,0.0665634585040841,51.109827591826,767.836118201251,0.02826205738125,100141599,969,81054175232.0,346602592.0,17714798720.0,23071067.25,0.4245881752
759,3,631607131,False,0.222099557518959,3710,3580,5830,0.00039161720799008,0.000316216760329945,0.119154246843518,376.811927107186,4.91413462601472e-05,100141599,556,12446836736.0,126860400.0,15115955.4162674,40115.384702161,0.15540399
760,1,631605751,False,0.00248782080598176,8290,6000,5150,8.24107857467368e-08,8.82143069702579e-08,1.63309032359393e-05,185.12760925293,1.03411619186401e-08,100141599,606826647,8094284800.0,95696096.0,1562.8037109375,8.44176483154297,0.1172277176
761,3,631609839,False,0.0,0,0,0,0.0,0.0,0.0,0.0,0.0,100141599,1051,84501.4609375,3600.0,0.0,0.0,4.41e-06
762,1,631600894,False,0.0,0,0,0,0.0,0.0,0.0,0.0,0.0,100141599,549009227,2294102528.0,20026800.0,0.0,0.0,0.02453283
763,1,631603336,False,0.0466351620852947,8140,7060,2440,2.89439882797921e-05,5.47985655430239e-06,0.000836654333397746,152.678146362305,3.63198174438477e-06,100141599,655,43656691712.0,541051200.0,452672.84375,2964.88305664062,0.66278772
764,1,631605676,False,0.0831773281097412,7400,2940,5170,1.31899180614095e-05,8.70993244461715e-06,0.00187841639854014,215.663711547852,1.65511197509766e-06,100141599,186,20810358784.0,155123104.0,291385.78125,1351.11181640625,0.1900258024
765,3,631606504,False,0.112168960273266,4130,4040,5940,9.44554359543897e-05,0.000290588799782737,0.0743936943070422,256.0101915926,1.18525621185303e-05,100141599,333,3058885248.0,33296400.0,2477042.203125,9675.56091308594,0.04078809
766,1,631601696,False,0.214965373277664,9270,4610,4200,6.03235294024002e-05,1.53858691191999e-05,0.00462597422301769,300.663818359375,7.56958424072266e-06,100141599,1052,46445666304.0,401618688.0,1857877.625,6179.25244140625,0.4919828928
767,1,631601052,False,0.00569548364728689,4250,4570,4900,6.34794661351789e-07,2.3796465598025e-07,3.37576457241084e-05,141.859909057617,7.9656010055542e-08,100141599,266,27017973760.0,273256192.0,9224.4853515625,65.0253143310547,0.3347388352
768,1,631601273,False,0.155879020690918,9480,3620,1030,0.000144925671224539,3.36927405442111e-05,0.00840924587100744,249.586288452148,1.81857243408203e-05,100141599,1121,35939958784.0,440613888.0,3705230.5,14845.4892578125,0.5397520128
769,2,631599681,False,0.207831561565399,9250,3420,5960,8.34430677212389e-05,0.000451046245871112,0.209976747632027,465.532623291016,1.04706958740234e-05,100141599,614454277,2799389440.0,18950400.0,3979143.25,8547.5068359375,0.02321424
770,1,631605032,False,0.0,0,0,0,0.0,0.0,0.0,0.0,0.0,100141599,372,2280837120.0,24060600.0,0.0,0.0,0.029474235
771,1,631604827,False,0.68481183052063,7910,1190,4130,0.0180224374223699,0.173644095659256,114.924102783203,661.837097167969,0.002261511546875,100141599,441,2530123776.0,10631700.0,1221838592.0,1846131.875,0.0130238325
772,3,631608499,False,0.650314331054688,6140,1140,6620,0.0356619389061389,0.00124018461291408,0.779046504234453,628.169787080259,0.00447497110019531,100141599,648,325046132736.0,2945559552.0,2294727872.0,3653037.6328125,3.6083104512
773,1,631602851,False,0.336659669876099,8610,2510,1850,0.00548714853420648,0.0139158656820655,4.97012615203857,357.155364990234,0.000688544478125,100141599,786,3892777216.0,40391100.0,200748864.0,562077.125,0.0494790975
774,2,631601173,False,0.0,0,0,0,0.0,0.0,0.0,0.0,0.0,100141599,484682528,1533710336.0,15807600.0,0.0,0.0,0.01936431
775,2,631595974,False,0.886689782142639,8470,2040,9130,0.038626795076332,0.229936271905899,227.309646606445,988.576721191406,0.00484701048125,100141599,121,7027687424.0,17208000.0,3911544320.0,3956743.25,0.0210798
776,3,631606386,False,1.0,7570,830,7730,0.157218031139041,0.115594742544143,147.713622997416,1277.85762350747,0.0197282079257812,100141599,312782558,43036694528.0,139320000.0,20579461956.0,16104659.53125,0.170667
777,1,631601461,False,0.582591950893402,6690,2850,1710,0.00176015752944576,0.000183330295840278,0.124603912234306,679.6689453125,0.000220870045703125,100141599,1090,107054743552.0,983482176.0,122545728.0,180302.078125,1.2047656656
778,3,631606154,False,0.0,0,0,0,0.0,0.0,0.0,0.0,0.0,100141599,106,1111589280.0,6501600.0,0.0,0.0,0.00796446
779,2,631595567,False,0.0273370500653982,7670,6760,6460,1.45531555201584e-06,3.07303162117023e-06,0.000557695748284459,181.48063659668,1.82617525482178e-07,100141599,1,3012430336.0,48510900.0,27054.322265625,149.075531005859,0.0594258525
780,2,631597753,False,0.728889882564545,6700,4180,8530,0.0292127283706264,0.000710084103047848,0.56441855430603,794.861572265625,0.0036657040875,100141599,803,421720429952.0,4214164736.0,2378552832.0,2992411.5,5.1623518016
781,2,631598756,False,0.742581963539124,8170,3510,8230,0.0301888992160714,0.00525648426264524,3.89225029945374,740.466430664062,0.00378819704375,100141599,848,11212328268.0,588303040.0,2289822720.0,3092405.75,0.720671224
782,1,631605894,False,0.448014587163925,6830,2510,2900,0.0109875920595763,0.00067575549473986,0.267361521720886,395.648315429688,0.001378757253125,100141599,81,28138026496.0,1665567104.0,445308544.0,1125516.125,2.0403197024
783,3,631609095,False,0.342931926250458,4100,3970,9710,0.00137938389546831,0.000201120631062096,0.0475389349220341,236.370255358619,0.000173089384863281,100141599,878,18034198976.0,702550784.0,33398516.0,141297.45703125,0.8606247104
784,1,631601925,False,0.579108595848083,7870,3050,1510,0.0429281424169959,0.00454719069992645,1.79339511807831,394.396284745067,0.00538675693452148,100141599,1002,139538847488.0,967048204.0,1734299528.0,4397352.59960938,1.1846340499
785,1,631604913,False,0.452058643102646,3100,4110,4590,0.00726852969577114,0.00266354600898921,1.2473691701889,468.311492919922,0.00091207773125,100141599,412,42712186880.0,279534592.0,348682848.0,744553.25,0.3424298752
786,3,631607045,False,0.30948680639267,5970,2420,5580,0.00148161320250658,0.00449327459328833,1.23241282529532,274.279436902475,0.000185917436523437,100141599,530,1962337856.0,33777000.0,41627208.0,151769.3359375,0.041376825
787,2,631598870,False,0.552765309810638,7280,2020,10210,0.0163356868229658,0.00300352298654616,0.927849888801575,308.920532226562,0.00204985283125,100141599,873,58043375616.0,557128832.0,516931936.0,1673349.25,0.6824828192
788,2,631595586,False,1.0,6470,3540,8350,0.921318193961973,0.0999975800514221,268.874206542969,2688.80712890625,0.1156098748,100141599,6,309928755200.0,943776896.0,253757276160.0,94375408.0,1.1561266976
789,1,631595665,False,0.0,0,0,0,0.0,0.0,0.0,0.0,0.0,100141599,576073704,10315819008.0,96414304.0,0.0,0.0,0.1181075224
790,1,631601788,False,0.615903794765472,9470,1710,3500,0.029356521723424,0.0061628925614059,2.62516140937805,425.962524414062,0.003683747725,100141599,1037,67335888896.0,487943104.0,1280929408.0,3007141.0,0.5977303024
791,1,631604908,False,0.0453119501471519,10190,6490,3090,7.48802319679706e-06,6.81385563439108e-06,0.0011718439636752,171.979553222656,9.39620458984375e-07,100141599,413,661110208.0,112570200.0,131914.703125,767.037109375,0.137898495
792,3,631609244,False,0.178322553634644,13010,5490,5330,2.55201057226476e-05,0.000311922129441327,0.112176529985204,359.62991848677,3.2023423034668e-06,100141599,917,853909024.0,8380800.0,940129.0625,2614.15698242188,0.01026648
793,2,631600202,False,0.426489889621735,4510,3940,8780,0.00325445733541203,0.000448527775006369,0.208502545952797,464.859832763672,0.00040837943671875,100141599,1102,102429237248.0,743256000.0,154970768.0,333370.96875,0.9104886
794,1,631603594,False,0.00801407545804977,9440,6550,4900,1.61829790926013e-06,5.34143055119785e-07,6.73433023621328e-05,126.077270507812,2.03069058990478e-07,100141599,574,24558336000.0,310348800.0,20899.912109375,165.770660400391,0.38017728
795,3,631608689,False,0.411219924688339,12390,4960,4610,0.000561428166019078,0.000191820483972062,0.0795381271416075,414.648766881393,7.04497538505554e-05,100141599,711,42029680640.0,299811584.0,23846451.8867188,57510.0031433105,0.3672691904
796,3,631606770,False,0.309766799211502,8610,3880,10470,0.000193111462672323,4.61605464827042e-05,0.0186023926894673,402.993337534195,2.42322274414062e-05,100141599,427,37374654464.0,428535008.0,7971776.5,19781.41015625,0.5249553848
797,3,631606493,False,0.819244980812073,7830,1020,6740,0.0421277134203736,0.154622541115769,125.264072808055,810.128147578864,0.0052863166125,100141599,330,7640577792.0,27909000.0,3495995008.0,4315360.5,0.034188525
798,1,631605608,False,0.300034046173096,8230,2890,4490,7.11439281773076e-05,1.26915792861837e-05,0.00452236458659172,356.327972412109,8.92736156005859e-06,100141599,215,92400541696.0,574210816.0,2596790.75,7287.64208984375,0.7034082496
799,2,631605724,False,0.0,0,0,0,0.0,0.0,0.0,0.0,0.0,100141599,589508447,18892648448.0,189600304.0,0.0,0.0,0.2322603724
800,3,631606819,False,1.0,7850,1120,7010,0.0698579032320926,0.33654001442212,1037.64051373147,3083.26044233765,0.008765987146875,100141599,441,25121413250.375,21263171.0,22063527680.0,7155907.875,0.026047384475
801,1,631602049,False,0.327832907438278,3070,3030,5040,0.00596821873647412,0.000563628120313868,0.239082775766279,424.185322111219,0.000748910664550781,100141599,972,127584537856.0,1084679104.0,259328091.0,611355.64453125,1.3287319024
802,2,631599172,False,0.260088920593262,6670,1110,8050,0.000475255817264036,0.000575662590563297,0.311888933181763,541.791198730469,5.9636579296875e-05,100141599,182305701,16651658240.0,84568496.0,26375978.0,48682.921875,0.1035964076
803,1,631605871,False,0.407074391841888,5460,2450,4310,0.00390532677637323,0.00651346845552325,2.55848836898804,392.799652099609,0.00049005256015625,100141599,98,3392049664.0,61417800.0,157136720.0,400042.90625,0.075236805
804,1,631605945,False,0.455516368150711,8990,480,4340,0.0209386067888457,0.016311552375555,6.52511405944824,400.030181884766,0.00262744155625,100141599,41,17013058560.0,131492704.0,858004864.0,2144850.25,0.1610785624
805,3,631610398,False,0.0267690047621727,8440,6000,5740,1.12287070567552e-06,3.3740335537179e-06,0.000479073499885048,141.988362669704,1.40901311349869e-07,100141599,606826655,2962283264.0,34090200.0,16331.7114257812,115.021478652954,0.041760495
806,1,631605249,False,0.537071108818054,6830,1810,3310,0.0909170988902189,0.000851605550899387,0.329993002528812,387.495128678183,0.0114085605698038,100141599,322,758909459432.0,10935944064.0,3608785017.1665,9313110.6692276,13.3965314784
807,2,631596494,False,1.0,8150,2400,6620,2.87506826660599,0.0307288813579192,49.8511289057398,1622.28908775075,0.360772515426403,100141599,323,1896868016320.0,9584083860.0,477777399948.281,294508175.858289,11.7405027285
808,3,631608739,False,0.665390431880951,6910,3810,8050,0.0758229295156777,0.00524724208322178,4.64097490006932,884.459841277188,0.0095144972125,100141599,733,245288820736.0,1480194048.0,6869543424.0,7766936.5,1.8132377088
809,1,631601951,False,0.617176294326782,4720,1520,5220,0.0577666765822532,0.00100386426137504,0.414419654082167,412.824392726677,0.00724874239003906,100141599,993,474727121152.0,5894562596.0,2442822592.0,5917340.7265625,7.2208391801
810,1,631603249,False,0.513639867305756,9360,5400,5560,0.0014877487127987,0.0005628865910694,0.206472396850586,366.809936523438,0.000186687339453125,100141599,679,28277080064.0,270743392.0,55901036.0,152397.828125,0.3316606552
811,1,631602782,False,0.291530549526215,5610,6980,4460,0.00338376408999062,8.2250357081648e-05,0.0155198732391,188.690658569336,0.00042460525078125,100141599,803,449466227840.0,4214164480.0,65403300.0,346616.53125,5.162351488
812,3,631609552,False,0.307162314653397,7660,2030,5910,0.000175697706489098,0.000324211497732191,0.147433676502378,454.745366939956,2.2047095111084e-05,100141599,982,5684816384.0,55512000.0,8184338.25,17997.6286621094,0.0680022
813,1,631605170,False,0.486496895551682,6560,1500,4320,0.0125422937170653,0.00121381657478547,0.473978352447772,390.485978107148,0.00157384605648479,100141599,337,120600650240.0,1058456704.0,501685564.699219,1284772.291008,1.2966094624
814,3,631606336,False,0.0600036382675171,4620,6600,5890,6.10464627126326e-06,3.83484085873451e-06,0.000922507423776075,240.559506315603,7.6603001627922e-07,100141599,272,9984037888.0,163065600.0,150429.2265625,625.330625534058,0.19975536
815,2,631597578,False,1.0,7210,1750,8360,32.4974390448677,0.0348940992524622,47.0357092631858,1347.95596593217,4.07787980734575,100141599,695,16925769197227.1,95399553125.0,4487185644625.35,3328881475.38429,116.864452578125
816,3,631608330,False,0.0325671546161175,8890,4460,5730,6.66861578523827e-06,9.12524115060484e-06,0.00137733394816079,150.936717773152,8.36798666381836e-07,100141599,591,6569301760.0,74858400.0,103105.015625,683.100952148438,0.09170154
817,1,631601781,False,0.504075169563293,7680,1660,2630,0.0181987830637655,0.00319638662040234,1.20544564723969,377.127624511719,0.002283639946875,100141599,1038,72717197312.0,583219776.0,703039744.0,1864195.875,0.7144442256
818,2,631596534,False,0.477760583162308,8400,2650,5830,0.00065197639083354,0.00532209128141403,4.71663522720337,886.237182617188,8.1812026953125e-05,100141599,336,2231345664.0,12548700.0,59187640.0,66785.328125,0.0153721575
819,2,631595988,False,0.555419027805328,7340,5050,8250,0.0060032412988002,0.00195968104526401,1.19693684577942,610.781494140625,0.0007533054046875,100141599,125,2499889152.0,313797600.0,375595904.0,614943.1875,0.38440206
820,2,631597541,False,0.344287008047104,7790,5240,6130,9.91513987503044e-05,0.000343001825967804,0.143534928560257,418.466949462891,1.24418261474609e-05,100141599,681,2276880640.0,29610900.0,4250198.5,10156.5927734375,0.0362733525
821,1,631602831,False,0.686996161937714,8690,2760,1410,0.00791214699056584,0.0099314684048295,3.59241318702698,361.720245361328,0.0009928408328125,100141599,791,12595447808.0,81607504.0,293167872.0,810482.3125,0.0999691924
822,3,631608991,False,0.061599675565958,13160,5680,5510,1.32038667147094e-05,8.62729497273425e-06,0.00294600591274382,341.475041951666,1.65686229553223e-06,100141599,839,20098804736.0,156774592.0,461858.875,1352.54064941406,0.1920488752
823,3,631606658,False,0.411219924688339,12390,4960,4610,0.00269625562708896,3.86833482320287e-05,0.0128612288391052,332.474551115936,0.000338334548823005,100141599,386,883944937792.0,7139802552.0,91826634.487299,276191.468426943,8.7462581262
824,1,631605575,False,0.157198294997215,11970,5140,3570,2.67994659548402e-05,2.6317291030864e-06,0.000312237039906904,118.643310546875,3.36288040771484e-06,100141599,229,2858373888.0,1043119744.0,325700.625,2745.20849609375,1.2778216864
825,1,631601913,False,0.4539495408535,7780,2850,1810,0.00445853904646963,0.0183708146214485,6.70202445983887,364.819122314453,0.0005594713578125,100141599,1005,2787483392.0,24860700.0,166617024.0,456711.3125,0.0304543575
826,2,631601080,False,0.337841838598251,3560,3870,6560,0.000385168790877202,0.0236454755067825,7.0819091796875,299.503784179688,4.83321788085937e-05,100141599,527696977,116543768.0,1668600.0,11816874.0,39454.83984375,0.002044035
827,1,631603574,False,0.323953598737717,2360,3300,5390,0.00148953841141412,0.00106972700450569,0.445631623268127,416.584442138672,0.00018691191640625,100141599,582,15101064192.0,142635600.0,63562936.0,152581.15625,0.17472861
828,2,631597784,False,0.989230930805206,8360,630,7680,1.05788071162802,0.120462507009506,102.046005249023,847.118408203125,0.1327461646,100141599,821,235363155968.0,899568000.0,91797323776.0,108364216.0,1.1019708
829,2,631599416,False,1.0,7600,1340,6590,3.89743554046962,0.0639898054499803,132.761528117504,2074.72936015224,0.489062343311719,100141599,983,1297400272864.0,6239033908.0,828303675603.0,399234565.96875,7.6428165373
830,2,631599656,False,0.117898061871529,11500,4450,9390,0.000160556790707717,7.48443244447117e-06,0.00129346479661763,172.820693969727,2.01471658691406e-05,100141599,1025,412686188544.0,2197449984.0,2842324.25,16446.666015625,2.6918762304
831,2,631596807,False,0.860796868801117,7450,290,6550,0.494472631786084,0.13508552312851,112.779808044434,834.877075195312,0.062047965,100141599,442,94106189824.0,374958016.0,42287693824.0,50651400.0,0.4593235696
832,1,631602957,False,0.0,0,0,0,0.0,0.0,0.0,0.0,0.0,100141599,757,2384801280.0,16888500.0,0.0,0.0,0.0206884125
833,3,631609791,False,0.98825079202652,7110,1740,8310,0.286247262386831,0.0251378597585484,21.4042930121766,851.476347539804,0.035919197496875,100141599,1038,189840875520.0,1166439552.0,24966813952.0,29321793.875,1.4288884512
834,1,631603373,False,0.232595756649971,12220,1560,4970,0.00177282108545205,1.99053718092238e-05,0.00468058134521633,235.141618557832,0.00022245910812912,100141599,645,1440119700992.0,9123128856.0,42701546.7333984,181599.271942139,11.1758328486
835,2,631596538,False,0.741566717624664,6370,1500,7090,0.238689328040754,0.0230998467374486,14.1361814153147,611.95996562166,0.0299514798597656,100141599,337,153119872000.0,1058456704.0,14962535988.0,24450187.640625,1.2966094624
836,3,631606197,False,0.00248782080598176,8290,6000,5150,8.24107857467368e-08,4.41071537105493e-08,8.16545175958641e-06,185.1276056753,1.03411619186401e-08,100141599,606826647,16784799744.0,191392192.0,1562.8037109375,8.44176483154297,0.2344554352
837,3,631606471,False,1.0,8150,2400,6620,2.88096870561963,0.0153959727807388,24.937560350455,1619.74567671704,0.361512920880351,100141599,323,3213014930432.0,19168167720.0,478007339325.143,295112588.473756,23.481005457
838,3,631609901,False,0.383785784244537,10550,5380,1410,0.0139288493070417,5.12102021386869e-05,0.0154522590105587,301.741808569923,0.00174783536789856,100141599,1073,4203971198976.0,27861721344.0,430526534.6875,1426804.38195801,34.1306086464
839,1,631600615,False,0.305889755487442,8080,6120,4160,0.00180130641180217,9.52106493059546e-05,0.0173697266727686,182.434707641602,0.000226033535546875,100141599,10703,224814940160.0,1937988864.0,33662336.0,184517.171875,2.3740363584
840,1,631602549,False,0.226834177970886,10060,2440,2000,0.000256203391603221,0.00159180478658527,0.675674796104431,424.470916748047,3.21491990722656e-05,100141599,869,2377493760.0,16487100.0,11139918.0,26244.244140625,0.0201966975
841,1,631604584,False,0.145489320158958,9470,3620,1030,6.96873765517646e-05,7.16928989277221e-05,0.0139162456616759,194.109130859375,8.74458892822265e-06,100141599,540,7870994944.0,99569696.0,1385636.375,7138.43994140625,0.1219728776
842,3,631606578,False,0.262784212827682,10600,4610,6340,0.000130467518486443,0.000314526099206696,0.127820804738908,406.391727304349,1.63714703308105e-05,100141599,358,4792446208.0,42490800.0,5431208.25,13364.4655761719,0.05205123
843,2,631596163,False,0.636278867721558,7570,1210,9220,0.0839260673827422,0.0126015190035105,5.82643842697144,462.359985351562,0.010531304175,100141599,201,112124502016.0,682217984.0,3974900992.0,8596983.0,0.8357170304
844,3,631609971,False,1.0,7980,4250,8160,0.554427364562982,0.00415092469877667,6.07689048027243,1463.98475550842,0.0695712714921875,100141599,1097,1459740342448.0,13681981440.0,83143902764.0,56792874.6875,16.760427264
845,3,631608972,False,0.27103516459465,7950,3290,6070,0.000655265617941878,0.00035619247537848,0.127274132357727,357.31841954968,8.22247694091797e-05,100141599,832,7751831488.0,188443792.0,23984020.125,67122.2607421875,0.2308436452
846,1,631601559,False,0.390813797712326,8570,1430,1750,0.00252205311213588,0.00486974883824587,1.61398661136627,331.431182861328,0.000316475075,100141599,1074,5726048256.0,53051400.0,85624248.0,258347.0,0.064987965
847,2,631600256,False,0.627362787723541,6950,1130,7440,0.0459437993227204,0.0296265780925751,16.9489078521729,572.084594726562,0.00576517095,100141599,1111,29181700096.0,158852704.0,2692379904.0,4706262.0,0.1945945624
848,1,631605212,False,0.675248086452484,8140,980,4620,0.0182122293701106,0.133689716458321,102.598213195801,767.435302734375,0.00228532723125,100141599,330,3335804160.0,13954500.0,1431706752.0,1865573.25,0.0170942625
849,3,631606352,False,1.0,7960,1080,6970,0.073420854699199,0.243191105808095,452.16642984175,1859.304962405,0.0092130773875,100141599,279,18623928832.0,30925800.0,13983608576.0,7520879.5,0.037884105
850,3,631608743,False,0.538519024848938,8040,2140,10230,0.0527705072973509,0.0160169774321026,5.65427361092332,353.017517499309,0.00662180751640625,100141599,735,37525360640.0,337489216.0,1908256368.0,5405557.15625,0.4134242896
851,1,631605043,False,0.526494324207306,6060,2030,3820,0.0128746151660126,0.00077748417935471,0.281725185840959,362.35487913694,0.00161554678632812,100141599,369,126611360512.0,1696257928.0,477878580.0,1318813.703125,2.0779159618
852,2,631597739,False,0.650545537471771,9300,2540,6330,0.119537138685615,0.00579716544598341,3.39834356307983,586.207763671875,0.01499989225,100141599,795,261958170880.0,2112206336.0,7178002944.0,12244810.0,2.5874527616
853,2,631596121,False,1.0,7820,4200,8250,0.332083287471409,0.186308950185776,388.781829833984,2086.75854492188,0.0416708446,100141599,178,99269607424.0,182583904.0,70985302016.0,34017016.0,0.2236652824
854,2,631596704,False,1.0,7590,740,7540,0.132528454922811,0.671440541744232,1824.06274414062,2716.64086914062,0.01663008305,100141599,401,39299760128.0,20218586.0,36879970304.0,13575578.0,0.02476776785
855,2,631597744,False,0.0,0,0,0,0.0,0.0,0.0,0.0,0.0,100141599,798,1341266880.0,48627900.0,0.0,0.0,0.0595691775
856,2,631600621,False,0.163857445120811,4800,5110,5890,3.24391191994736e-05,1.21604107334861e-05,0.00383423245511949,315.304534912109,4.07056165161133e-06,100141599,266,24101613568.0,273256192.0,1047727.75,3322.90747070312,0.3347388352
857,1,631604531,False,0.0,0,0,0,0.0,0.0,0.0,0.0,0.0,100141599,559,41231708160.0,336602688.0,0.0,0.0,0.4123382928
858,2,631598832,False,0.392104059457779,9130,5050,6850,0.000353335401927626,0.000132757384562865,0.0559294261038303,421.290496826172,4.43376260742187e-05,100141599,863,8608958208.0,272632512.0,15248180.0,36193.98046875,0.3339748272
859,1,631601036,False,0.0,0,0,0,0.0,0.0,0.0,0.0,0.0,100141599,560581563,10561020928.0,79039800.0,0.0,0.0,0.096823755
860,1,631596284,False,0.293229609727859,7760,870,2650,0.00243094749204504,0.0032409846317023,1.073157787323,331.120880126953,0.000305042858203125,100141599,312782604,8348825600.0,76833000.0,82453928.0,249014.578125,0.094120425
861,2,631598817,False,0.0,0,0,0,0.0,0.0,0.0,0.0,0.0,100141599,859,2063248896.0,12558600.0,0.0,0.0,0.015384285
862,2,631597625,False,1.0,6500,3450,7430,0.193091370395751,0.0501946099102497,73.1805877685547,1457.93725585938,0.0242297062,100141599,718,90979008512.0,394053312.0,28837054464.0,19779352.0,0.4827153072
863,3,631606697,True,1.0,7850,740,7510,0.0655775396424614,0.99999017493674,7617.03377291063,7617.1086114846,0.0082288738,100141599,401,51167920128.0,6717514.0,51167531008.0,6717448.0,0.00822895465
864,3,631610112,False,0.89839231967926,7800,3600,7600,0.0547455935514853,0.0222851516651097,26.0118258258151,1167.22678026643,0.0068696474875,100141599,563807435,35330743296.0,251641792.0,6545662464.0,5607875.5,0.3082611952
865,2,631600699,False,0.320127725601196,5200,6780,7100,0.000162134808231043,0.000101317018561531,0.0236696675419807,233.619857788086,2.03451804199219e-05,100141599,298,16055859200.0,163924192.0,3880031.25,16608.310546875,0.2008071352
866,3,631607143,False,0.0,0,0,0,0.0,0.0,0.0,0.0,0.0,100141599,559,79954845696.0,673205376.0,0.0,0.0,0.8246765856
867,2,631599102,False,0.137654095888138,12060,4650,7110,0.000230137483001641,0.000113470501673874,0.018345745280385,161.67854309082,2.88783677246094e-05,100141599,153,5325295104.0,207756000.0,3811438.75,23574.177734375,0.2545011
868,3,631606052,False,0.625776171684265,9600,4060,9640,0.1392897187763,0.0151176548300296,5.86617785332155,388.034911451281,0.017478507484375,100141599,28,104366669824.0,943808384.0,5536547840.0,14268169.375,1.1561652704
869,2,631596434,False,0.996060490608215,6540,3500,8030,0.0072617955600451,0.0048466851003468,9.27437686920166,1913.55041503906,0.0009112327109375,100141599,301,9836113920.0,153478800.0,1423420160.0,743863.4375,0.18801153
870,3,631610286,False,0.0511939935386181,7320,7390,5720,2.92707234175492e-05,4.08522683273618e-05,0.00749526172593501,183.472351299398,3.67298148651123e-06,100141599,10671,1079204544.0,73395000.0,550114.734375,2998.35223388672,0.089908875
871,2,631599399,False,0.0,0,0,0,0.0,0.0,0.0,0.0,0.0,100141599,980,6137274368.0,59494500.0,0.0,0.0,0.0728807625
872,2,631597640,False,0.429058194160461,7690,4480,6990,0.00145354919370999,0.0033481428399682,1.81467425823212,541.994262695312,0.00018239587734375,100141599,725,5644938752.0,44470800.0,80700016.0,148894.59375,0.05447673
873,3,631606287,False,0.852905750274658,7850,3670,10060,0.722660273729888,0.0141952741650993,6.31074811287074,444.566835375849,0.0906816605993286,100141599,247,750607196864.0,5214823224.0,32909435819.8125,74025845.387207,6.3881584494
874,3,631609855,False,0.389246821403503,4050,4110,8740,0.00235777201073847,0.000151757126475496,0.0565325087371766,372.51963087417,0.000295860571032715,100141599,1057,90370146352.0,1591482648.0,89970506.703125,241518.833496094,1.9495662438
875,1,631602535,False,0.203002914786339,7730,1470,1640,0.000855559222535558,0.000157305403263308,0.0263935718685389,167.785537719727,0.000107358234375,100141599,873,34528309248.0,557128832.0,14704620.0,87639.375,0.6824828192
876,1,631602059,False,0.998610615730286,7980,1210,4590,0.33764906986845,0.0562919341027737,53.8111915588379,955.930725097656,0.0423692563,100141599,971,84428726272.0,614424576.0,33062918144.0,34587148.0,0.7526701056
877,3,631606643,False,0.654959380626678,8230,4920,7910,0.0438670773830196,0.00322122011494614,2.53911892589331,788.24756933314,0.00550457741671617,100141599,381,184043454464.0,1394978432.0,3542016137.90417,4493532.58507442,1.7088485792
878,3,631609541,False,0.0,0,0,0,0.0,0.0,0.0,0.0,0.0,100141599,980,11980934144.0,118989000.0,0.0,0.0,0.145761525
879,3,631606329,False,0.665107309818268,9100,1800,9790,0.0571873838745521,0.0877776693761912,64.9980811186632,740.485382906432,0.00717605093789062,100141599,312782578,13343193344.0,66736800.0,4337763940.0,5858000.765625,0.08175258
880,3,631609989,False,0.426489889621735,4510,3940,8780,0.00325445733541203,0.00022426389342972,0.104251272778155,464.859818421126,0.00040837943671875,100141599,1102,103348988800.0,1486512000.0,154970768.0,333370.96875,1.8209772
881,1,631605037,False,0.321826785802841,11190,5130,5480,0.000688025149654276,8.95514120996422e-06,0.00272703532638747,304.521755988967,8.63355374202728e-05,100141599,370,820016377648.0,7870114840.0,21462081.1914062,70477.989730835,9.640890679
882,2,631596365,False,0.0600036382675171,4620,6600,5890,6.05579621125049e-06,7.60830789658939e-06,0.00183820119127631,241.604461669922,7.59900158691406e-07,100141599,272,5076069888.0,81532800.0,149873.6875,620.32666015625,0.09987768
883,3,631610394,False,0.0,0,0,0,0.0,0.0,0.0,0.0,0.0,100141599,549009227,4213792768.0,40053600.0,0.0,0.0,0.04906566
884,3,631608678,False,0.948058247566223,7960,2530,6480,0.0570904714137814,0.111789207333074,213.76855743469,1912.24683074969,0.00716389006065006,100141599,706,21279442944.0,52313400.0,11182960052.5039,5848073.51889801,0.064083915
885,2,631596845,False,1.0,7210,1750,8360,1.53712784233282,0.0105011844873495,8.63809368722486,822.582795077158,0.192883586331332,100141599,453,2399237342464.0,14994117000.0,129520587403.211,157455988.841904,18.367793325
886,1,631601197,False,0.018179427832365,10830,4660,5320,7.50021501095753e-07,3.55480597136193e-06,0.00274169305339456,771.263793945312,9.41150325775146e-08,100141599,599626927,3000160768.0,21612600.0,59255.1171875,76.8285980224609,0.026475435
887,2,631595825,False,0.3365598320961,1870,2840,6210,0.000336652712479515,0.000298742874292657,0.0837081298232079,280.201232910156,4.22442302734375e-05,100141599,68,9857447936.0,115434000.0,9662764.0,34485.0859375,0.14140665
888,2,631600976,False,0.000676243682391942,8320,5520,5930,5.94150611838892e-09,3.56668614642786e-08,5.3054454838275e-06,148.749984741211,7.45558682084083e-10,100141599,607344858,2690425856.0,17064000.0,90.5321197509766,0.608619332313538,0.0209034
889,2,631596246,False,0.999986588954926,8450,1910,9260,0.213425436425326,0.239392697811127,260.707946777344,1089.03881835938,0.0267812881,100141599,233,42911453184.0,91323904.0,23808866304.0,21862276.0,0.1118717824
890,2,631595960,False,0.0,0,0,0,0.0,0.0,0.0,0.0,0.0,100141599,118,4143181056.0,92266200.0,0.0,0.0,0.113026095
891,1,631604589,False,0.00448933755978942,1690,3300,4210,8.00650222948848e-08,1.1555020051901e-07,1.92968873307109e-05,167.000030517578,1.0046808218956e-08,100141599,538,3678197760.0,70977600.0,1369.64672851562,8.20147609710693,0.08694756
892,1,631605785,False,0.181417375802994,7420,3120,4310,0.000398785134409955,2.95171437402116e-05,0.00810825310575236,274.696399391326,5.00407999791861e-05,100141599,138,185966208000.0,1383929048.0,11221247.0015869,40849.6326360703,1.6953130838
893,2,631597449,False,0.016195934265852,8590,6800,9030,7.75974963650624e-06,1.46912429954682e-06,0.000136346177896485,92.8077926635742,9.73717538452148e-07,100141599,655,41742942208.0,541051200.0,73770.265625,794.871459960938,0.66278772
894,1,631601882,False,0.573968410491943,7900,2310,1780,0.0259139457161928,0.00485574811722784,1.90701687068869,392.733894891033,0.00325176257177734,100141599,1011,77193377408.0,546671696.0,1042512147.0,2654500.05859375,0.6696728276
895,3,631607162,False,0.0408479236066341,8390,6690,1670,1.22557822316567e-05,9.93018449192123e-07,0.000174636730144504,175.864537347298,1.53789370346069e-06,100141599,566,106180919296.0,1264249856.0,220784.4609375,1255.42343139648,1.5487060736
896,1,631604839,False,0.0,0,0,0,0.0,0.0,0.0,0.0,0.0,100141599,437,106469605376.0,831773696.0,0.0,0.0,1.0189227776
897,3,631606873,False,0.464429765939713,8310,2520,9550,0.00939664410484882,0.0606359414962644,24.1062120925779,397.556490387191,0.0011791201515625,100141599,456,1963483968.0,15874200.0,382666832.0,962547.0625,0.019445895
898,3,631609711,False,0.852905750274658,7850,3670,10060,0.0675118982647607,0.00422610314011359,1.47989357193407,350.179236726886,0.00847160314107666,100141599,1018,203586593536.0,1636399816.0,2421697568.8125,6915594.40087891,2.0045897746
899,3,631608550,False,0.371091514825821,5020,6830,2910,0.00214523903190289,0.000270025879374192,0.0423160217056456,156.710985642253,0.000269191271289062,100141599,665,20302750720.0,813803392.0,34436922.0,219747.9765625,0.9969091552
900,1,631605446,False,0.0,0,0,0,0.0,0.0,0.0,0.0,0.0,100141599,263,5136048128.0,41650200.0,0.0,0.0,0.051021495
901,1,631604684,False,0.163736134767532,5220,7040,3060,0.000273142163072371,7.18509691707848e-06,0.00128120964731306,178.314873424701,3.42747288421631e-05,100141599,493,484331384832.0,3894083936.0,4989137.90625,27979.3704833984,4.7702528216
902,3,631609603,False,1.0,7760,1210,6620,1.15212286457593,0.0186170049301718,20.6415070151902,1108.74477890573,0.144571963302983,100141599,991,553626721491.961,6339254336.0,130851762847.619,118017929.226925,7.7655865616
903,1,631604792,False,0.0,0,0,0,0.0,0.0,0.0,0.0,0.0,100141599,450,2272780544.0,206919008.0,0.0,0.0,0.2534757848
904,2,631596559,False,0.0,0,0,0,0.0,0.0,0.0,0.0,0.0,100141599,344,41600942080.0,338659200.0,0.0,0.0,0.41485752
905,1,631603398,False,0.344875395298004,7070,5130,5080,0.006215664187547,0.000291143122548548,0.111923734272962,384.428570021601,0.000779960889984131,100141599,637,304105199616.0,2186906432.0,244766734.375,636702.767333984,2.6789603792
906,2,631605648,False,0.650265514850616,9620,2540,9290,0.146176586433409,0.18459090590477,102.79451751709,556.87744140625,0.018342693075,100141599,312782648,20421081088.0,81117904.0,8338475520.0,14973627.0,0.0993694324
907,2,631596056,False,0.195382535457611,10800,4310,6680,4.49447560130433e-05,0.000706264283508062,0.232440307736397,329.112365722656,5.63980788574219e-06,100141599,147,604024384.0,6518700.0,1515208.625,4603.9248046875,0.0079854075
908,3,631606235,False,0.00342042720876634,12790,4940,5680,1.61330809843457e-07,3.4787378363834e-07,2.97920572436923e-06,8.56404208793871,2.02442921996117e-08,100141599,207,1657485120.0,47505600.0,141.528955459595,16.5259528160095,0.05819436
909,1,631605824,False,0.0,0,0,0,0.0,0.0,0.0,0.0,0.0,100141599,122,14394916864.0,164670304.0,0.0,0.0,0.2017211224
910,1,631605966,False,0.0453372821211815,7380,3390,3030,5.78246040321312e-06,1.9238281311118e-05,0.00386727717705071,201.019882202148,7.25601130676269e-07,100141599,27,3497552384.0,30789000.0,119069.59375,592.327453613281,0.037716525
911,3,631606218,False,0.611204862594604,6150,4920,5540,0.0897428719038984,0.0240928357865415,10.0280701318868,416.226226781017,0.0112612149125,100141599,181,52479348736.0,381558592.0,3826296320.0,9192828.5,0.4674092752
912,2,631598804,False,1.0,6610,3520,7840,6.32460678760554,0.113592088308186,265.995495413438,2341.67272892956,0.793631346549188,100141599,856,2309559945216.0,5703410628.0,1517081535541.12,647862323.713623,6.9866780193
913,3,631610372,False,0.115564450621605,8240,5390,5860,0.000106080980074842,0.000150283873831356,0.0296509107128039,197.299350601498,1.33113715820312e-05,100141599,607344834,13041932288.0,72306000.0,2143938.75,10866.42578125,0.08857485
914,2,631600233,False,0.143652394413948,12590,6750,6380,6.48205799930297e-05,1.58467155415565e-05,0.00406536599621177,256.543121337891,8.13388814697265e-06,100141599,1107,37614919680.0,419008512.0,1703423.0,6639.90869140625,0.5132854272
915,3,631606010,False,0.416881382465363,4860,2960,8270,0.00103430295025026,0.00103034587106603,0.406609989827733,394.634463286626,0.000129787553710937,100141599,2,5240154624.0,102828600.0,41811136.0,105949.0234375,0.125965035
916,1,631600728,False,0.12786976993084,9080,5000,5570,2.01026847342544e-05,0.000239960660110228,0.072304978966713,301.320129394531,2.52254745483398e-06,100141599,607344854,1050875200.0,8581500.0,620485.1875,2059.22241210938,0.0105123375
917,3,631607172,False,1.0,7210,1750,8360,42.752983360257,0.017672396895813,22.6068842118126,1279.22003704935,5.36477743085772,100141599,567,33950037842541.1,247810762369.0,5602229211317.0,4379410147.63896,303.568183902025
918,2,631596307,False,0.61052393913269,7940,2200,10220,0.0254013796096927,0.0122450524941087,4.96642541885376,405.586303710938,0.00318744418125,100141599,251,31820558336.0,212493600.0,1055333632.0,2601995.25,0.26030466
919,2,631600683,False,0.0,0,0,0,0.0,0.0,0.0,0.0,0.0,100141599,286,1682823296.0,29599200.0,0.0,0.0,0.03625902
920,1,631604885,False,0.222527146339417,6290,2090,5000,0.000145508299501529,6.95955313858576e-05,0.0320483334362507,460.494110107422,1.82588343505859e-05,100141599,423,32090028032.0,214168496.0,6863743.5,14905.1708984375,0.2623564076
921,1,631601411,False,0.251318365335464,6530,5400,5010,0.00102818848985237,1.53958226292161e-05,0.00530869187787175,344.813812255859,0.0001290202921875,100141599,1097,671780043176.0,6840991232.0,36316716.0,105322.6875,8.3802142592
922,3,631608819,False,1.0,8790,6120,6610,0.403425354070187,0.00274800839755346,3.38396119763657,1231.42316473607,0.0506230691859375,100141599,771,1532034992128.0,15038147072.0,50888506176.0,41324954.4375,18.4217301632
923,3,631608717,False,0.999510824680328,7090,2840,6820,0.0635135203022693,0.0010957583826414,1.15418662218483,1053.32219261932,0.00796987422844238,100141599,726,605049964544.0,5937458368.0,6852935018.125,6506019.77832031,7.2733865008
924,2,631600577,False,1.0,7970,1080,6980,6.08411581851542,0.131854367220732,134.436726655609,1019.58493669424,0.763453791162513,100141599,254,1433730392428.72,4726635892.0,635433457413.394,623227584.622459,5.7901289677
925,3,631609166,False,0.419063925743103,10420,4270,5710,0.00640316259534647,0.00134606275974604,0.613714508769467,455.933056854835,0.000803488773828125,100141599,898,50696212480.0,487279808.0,299050688.0,655909.203125,0.5969177648
926,3,631608886,False,0.41535422205925,3630,4680,7620,0.0026182791131766,0.000413646764242873,0.183769815307302,444.267503563502,0.000328549813136866,100141599,800,57449935872.0,648388800.0,119154290.023323,268203.929091319,0.79427628
927,1,631605642,False,0.128765285015106,10960,4580,5220,1.22957527799263e-05,1.54029316945525e-06,0.000529762415681034,343.936096191406,1.54290933227539e-06,100141599,202,134566060032.0,817713024.0,433193.625,1259.51782226562,1.0016984544
928,1,631605364,False,0.588383674621582,7070,4330,1260,0.0199172354140126,0.00477631948888302,1.92232429981232,402.469787597656,0.002499276696875,100141599,289,54506590208.0,427154400.0,821129280.0,2040225.875,0.52326414
929,1,631605392,False,0.00497298873960972,10630,4410,5000,1.26066679864049e-07,1.84357145371905e-06,0.000330593669787049,179.322402954102,1.58192394018173e-08,100141599,280,543070016.0,7004700.0,2315.70947265625,12.9136648178101,0.0085807575
930,1,631602588,False,0.478711009025574,6810,3950,1470,0.00721898129547756,0.000792651495430619,0.273704171180725,345.302032470703,0.00090586024375,100141599,862,80634544128.0,932916608.0,255343168.0,739477.75,1.1428228448
931,3,631606133,False,0.0236387588083744,11090,3960,7750,4.72581714445233e-06,6.25530925774058e-07,8.80779287684054e-05,140.805074760155,5.93010245513916e-07,100141599,91,139310145536.0,773886592.0,68162.328125,484.089996337891,0.9480110752
932,1,631605080,False,0.179779037833214,10530,4580,5000,3.24835594539683e-05,0.000156620240886696,0.0566121265292168,361.461090087891,4.07613815307617e-06,100141599,358,2316565248.0,21245400.0,1202747.25,3327.45971679688,0.026025615
933,3,631606167,False,0.0385909751057625,5910,7130,5110,1.17731305250003e-05,4.3076233517794e-06,0.000676637797412389,157.079146005855,1.47732906494141e-06,100141599,117,1707364928.0,279964800.0,189434.765625,1205.98291015625,0.34295688
934,3,631606408,False,0.996060490608215,6540,3500,8030,0.00726544722542148,0.00242456123110004,4.6374384975879,1912.6918463032,0.000911690933275604,100141599,301,19030679552.0,306957600.0,1423496991.36719,744237.496551514,0.37602306
935,2,631598909,False,0.675290048122406,5800,1930,6810,0.018357949550907,0.0227375514805317,9.45618629455566,415.884124755859,0.002303612653125,100141599,882,7649570304.0,82704600.0,782070144.0,1880500.125,0.101313135
936,1,631601120,False,0.236633703112602,3150,2890,4510,0.000241038868575204,0.000488928926642984,0.235445618629456,481.553833007812,3.02463075195312e-05,100141599,526157196,5082105344.0,50499900.0,11889980.0,24690.86328125,0.0618623775
937,1,631603045,False,0.323953598737717,2360,3300,5390,0.0052235556573171,0.000849709270277198,0.348571842540035,410.224831872579,0.0006554680234375,100141599,731,69331067824.0,629716488.0,219501436.5,535075.9375,0.7714026978
938,1,631601765,False,0.0516913346946239,10950,6170,5640,2.69607483758238e-05,1.21871908049798e-05,0.00177394540514797,145.558181762695,3.38311862792969e-06,100141599,1043,10922288128.0,226609200.0,401992.34375,2761.7294921875,0.27759627
939,2,631595618,False,0.999244153499603,9470,1790,7000,0.898003941261524,0.100326679646969,164.792434692383,1642.55834960938,0.1126843298,100141599,10,337815273472.0,916876800.0,151094362112.0,91987208.0,1.12317408
940,3,631606834,False,0.754779398441315,6330,3990,6210,0.158661593301958,0.00895104135428955,4.38049527623844,489.383871982582,0.0199093505994141,100141599,444,238206054400.0,1815714000.0,7953726600.0,16252531.1015625,2.22424965
941,2,631597598,False,0.82199239730835,5660,4930,9330,0.0381978897533297,0.000976114126387984,0.326791346073151,334.788055419922,0.00479319010625,100141599,703,410632120320.0,4008556032.0,1309961472.0,3912808.25,4.9104811392
942,3,631606202,False,0.0192054659128189,12260,5160,7820,7.05554940191657e-06,7.82431392960125e-06,0.000967523154942563,123.65597337323,8.8535230102539e-07,100141599,589508451,4922210560.0,92370600.0,89370.6943359375,722.736572265625,0.113153985
943,2,631597707,False,1.0,7760,1210,6620,0.753229563754127,0.0275538828129259,34.4144089867738,1248.98582244929,0.0945175902657442,100141599,768,287189236243.961,2800230264.0,96368269562.4375,77157216.5434647,3.4302820734
944,2,631599076,False,0.0,0,0,0,0.0,0.0,0.0,0.0,0.0,100141599,914,631717632.0,5249700.0,0.0,0.0,0.0064308825
945,1,631604597,False,0.0,0,0,0,0.0,0.0,0.0,0.0,0.0,100141599,534,19270670336.0,116820000.0,0.0,0.0,0.1431045
946,3,631606234,False,0.166153460741043,10880,6350,5710,0.000101958160948347,9.92419526249468e-05,0.0268232124226046,270.280982116246,1.27940274047852e-05,100141599,206,8616474112.0,105238800.0,2822842.6875,10444.1040039062,0.12891753
947,1,631604752,False,0.428304314613342,6300,1950,4820,0.00403534526143334,0.000659593904856592,0.218607112765312,331.426818847656,0.000506367684375,100141599,466,50653122560.0,626690688.0,136999040.0,413361.375,0.7676960928
948,3,631606425,False,0.319542825222015,10780,6620,5910,0.000675423034009886,0.000144140135090617,0.0436571832463095,302.880132718507,8.47541847221374e-05,100141599,307,33331190784.0,479998784.0,20955394.8710938,69187.0895690918,0.5879985104
949,3,631610051,False,0.0,0,0,0,0.0,0.0,0.0,0.0,0.0,100141599,1126,1603099712.0,32135400.0,0.0,0.0,0.039365865
950,2,631596498,False,0.742912590503693,7890,3640,7570,0.043626788044013,0.054899774491787,56.0581436157227,1021.09967041016,0.0054744251625,100141599,325,16682856448.0,81401400.0,4563211264.0,4468918.5,0.099716715
951,2,631595806,False,0.180339470505714,6640,5580,6120,7.64372377309396e-05,0.000133186083985493,0.0520546548068523,390.841552734375,9.59158251953125e-06,100141599,63,7068768256.0,58788900.0,3060236.0,7829.86328125,0.0720164025
952,2,631599405,False,0.604533195495605,7200,860,8790,0.113597627314397,0.0308024473488331,10.6829843521118,346.822570800781,0.014254583875,100141599,981,38726193152.0,377775008.0,4035764480.0,11636395.0,0.4627743848
953,1,631602917,False,0.932527005672455,7970,1130,4520,0.379971797338868,0.0138997443540461,12.039349461888,866.156179223787,0.0476800438825272,100141599,768,220223398784.0,2800230264.0,33712950722.0508,38922484.802063,3.4302820734
954,2,631596868,False,0.515908420085907,7200,6140,6390,0.00537869701338283,0.000318244969236793,0.150631603990015,473.319670539507,0.000674935643710938,100141599,467,180671251072.0,1731269700.0,260783931.850311,550967.872417092,2.1208053825
955,2,631595846,False,0.0887497961521149,8830,5870,7290,0.000126674564453954,2.63558013102738e-05,0.00292347162030637,110.923271179199,1.58955186523437e-05,100141599,78,3515652608.0,492336896.0,1439333.0,12975.93359375,0.6031126976
956,2,631597170,False,0.82199239730835,5660,4930,9330,0.0343567660695519,0.0142005095258355,4.78331422805786,336.841033935547,0.00431119395,100141599,583,28704475136.0,247832096.0,1185458816.0,3519342.0,0.3035943176
957,1,631605815,False,0.0,0,0,0,0.0,0.0,0.0,0.0,0.0,100141599,126,1899301376.0,56051100.0,0.0,0.0,0.0686625975
958,3,631606980,False,0.522048830986023,8340,1950,7020,0.0260517261590786,0.0014134496821728,0.595646633646357,421.413398127277,0.003269051690625,100141599,502,268022382592.0,1888014592.0,1124589536.0,2668613.625,2.3128178752
959,3,631609040,False,0.25958377122879,6530,1110,8110,0.00122791202174455,0.000142761386127237,0.0552284441751609,386.858419306311,0.00015408222265625,100141599,854,90430144512.0,881060416.0,48659596.0,125781.40625,1.0792990096
960,1,631602017,False,0.0,0,0,0,0.0,0.0,0.0,0.0,0.0,100141599,980,5843659776.0,59494500.0,0.0,0.0,0.0728807625
961,3,631609786,False,0.678206443786621,8980,1800,7360,0.283086758051042,0.0297145781570468,15.393054613187,518.03039342615,0.035522607575,100141599,1037,151507779584.0,975886208.0,15021869696.0,28998047.0,1.1954606048
962,1,631603156,False,3.24035536323208e-05,3860,4260,3590,2.84699011994351e-10,2.11787938297903e-08,2.86760860035429e-06,135.399993896484,3.57249182183295e-11,100141599,699,29728660.0,1377000.0,3.94869709014893,0.0291631985455751,0.001686825
963,1,631600642,False,0.0314872302114964,7450,7370,5630,9.08074787985872e-06,2.53474536293652e-05,0.0047487854026258,187.347625732422,1.13948050994873e-06,100141599,10671,485311680.0,36697500.0,174268.546875,930.188171386719,0.0449544375
964,1,631603556,False,0.901604831218719,8080,970,5000,0.394664942713182,0.136175513267517,136.578491210938,1002.95928955078,0.0495237855,100141599,590,96505348096.0,296878496.0,40547217408.0,40427580.0,0.3636761576
965,1,631597295,False,0.0129665089771152,7170,3260,3410,5.58426916633851e-06,3.03256956613041e-06,0.000609169946983457,200.875839233398,7.00731477355957e-07,100141599,496345668,24720697344.0,188627392.0,114906.140625,572.025695800781,0.2310685552
966,3,631606447,False,1.0,7210,1750,8360,35.8137787892212,0.0330945401854094,42.3389906502489,1279.33460966819,4.49402444136216,100141599,315,17686778348589.1,110851861369.0,4693355922064.78,3668591380.70381,135.793530177025
967,3,631608427,False,0.547442615032196,2980,3560,6330,0.0341844101457891,0.00825818893094061,3.78080718751424,457.825222834132,0.0042895661921875,100141599,620,56679651328.0,424025984.0,1603160488.0,3501686.6875,0.5194318304
968,2,631597355,False,0.999503135681152,6330,3640,7150,0.24295220237153,0.067688062787056,73.8349761962891,1090.81237792969,0.0304863986,100141599,629,89395347456.0,367669792.0,27146891264.0,24886856.0,0.4503954952
969,1,631605568,False,0.199900954961777,9470,4700,5380,0.000216981909253611,0.00114695355296135,0.430972307920456,375.75390625,2.72275653808594e-05,100141599,231,1814262016.0,19378800.0,8351726.0,22226.583984375,0.02373903
970,2,631598888,False,0.342931926250458,4100,3970,9710,0.00105701227780207,0.000308234681142494,0.0840485990047455,272.677276611328,0.000132637190820312,100141599,878,17459175424.0,351275392.0,29524204.0,108275.2578125,0.4303123552
971,3,631606519,False,0.741566717624664,6370,1500,7090,0.251231621757819,0.012156831656117,7.30507988388121,600.903269085368,0.0315253259162504,100141599,337,273720522240.0,2116913408.0,15464221552.6992,25734959.931633,2.5932189248
972,2,631599177,False,0.980840444564819,4840,1810,5810,0.410023882716785,0.1540557295084,129.872543334961,843.023193359375,0.0514510731,100141599,935,76762030080.0,272634304.0,35407712256.0,42000876.0,0.3339770224
973,2,631600105,False,0.134178638458252,10160,4060,7710,0.00031778758372647,1.07555151771521e-05,0.00184982048813254,171.988082885742,3.98769751953125e-05,100141599,1091,521344942080.0,3026599168.0,5598665.0,32552.6328125,3.7075839808
974,1,631602752,False,0.0568662993609905,10440,2620,4950,5.12689395673309e-06,1.03593208677921e-06,0.000201957416720688,194.952377319336,6.43338612365723e-07,100141599,811,114687508480.0,506958304.0,102383.9921875,525.174377441406,0.6210239224
975,1,631602681,False,0.178047075867653,9490,1510,4320,0.00013252260259461,8.35080645629205e-05,0.0137940049171448,165.181716918945,1.66293486816406e-05,100141599,834,11539834880.0,162558896.0,2242338.25,13574.978515625,0.1991346476
976,3,631606117,False,1.0,8490,1930,9220,0.363531072865898,0.19984338979395,226.148000637466,1131.62612418973,0.0456170106,100141599,74,75155859456.0,186337792.0,42139919104.0,37238376.0,0.2282637952
977,2,631605441,False,0.66863340139389,8950,1990,9730,0.0862194490874351,0.16738697886467,108.793678283691,649.953063964844,0.01081908485,100141599,312782582,14004002816.0,52763400.0,5740324352.0,8831906.0,0.064635165
978,1,631603478,False,0.486408293247223,7590,2010,5370,0.016958609936242,0.00379024038919394,1.21613519530075,320.859647522088,0.0021280191625,100141599,618,37147724800.0,458324096.0,557384064.0,1737158.5,0.5614470176
979,2,631597774,False,0.322960168123245,7530,2820,10320,0.00210261215715458,0.00203734589740634,1.13915872573853,559.138610839844,0.000263842318359375,100141599,816,19583281152.0,105716704.0,120428104.0,215381.484375,0.1295029624
980,3,631607031,False,0.370257258415222,10350,2680,9110,0.00368391741083508,0.00033648340936671,0.102197717406762,303.722901521673,0.000462269423779297,100141599,526,95144595456.0,1121490048.0,114613723.0,377362.794921875,1.3738253088
981,3,631606755,False,0.668217420578003,7930,4380,7380,0.0120013134757493,0.0101243131630571,5.10194630153954,503.930115492298,0.001505962171875,100141599,422,15198912000.0,121426200.0,619509952.0,1229356.875,0.148747095
982,3,631610211,False,1.0,7500,3530,8090,0.528134968807602,0.14340337172688,473.529206092561,3302.07860798716,0.0662720198314773,100141599,496345668,235417085952.0,377254784.0,178641158362.141,54099608.0256958,0.4621371104
983,1,631602887,False,0.998610615730286,7980,1210,4590,0.739562843189593,0.0215821706253275,20.4334494340913,946.774529254805,0.0928026476283935,100141599,776,321858491904.0,3510178132.0,71725047364.875,75757263.3701172,4.2999682117
984,2,631597144,False,0.193061143159866,6610,1120,7890,0.000626343721087534,0.000272545992629603,0.134169951081276,492.283721923828,7.8595559765625e-05,100141599,577,43038072832.0,235408496.0,31584746.0,64159.640625,0.2883754076
985,1,631602481,False,0.904643714427948,7710,1640,5400,0.629175959339534,0.0329459905999103,29.8549900183043,906.179764963133,0.0789509578375,100141599,886,379928113152.0,1956224728.0,58403069728.0,64449761.5,2.3963752918
986,3,631606107,False,0.257049411535263,8140,4160,5940,0.000343391314634651,0.000490213335856234,0.272839516334705,556.573019088002,4.30898110473633e-05,100141599,67,8532367360.0,71755200.0,19577654.0625,35175.3559570312,0.08790012
987,3,631606212,False,1.0,7500,3530,8090,0.747857052713978,0.11783981227598,375.257462503244,3184.47098018448,0.0938434308572099,100141599,170,340505005056.0,650093384.0,243952393669.987,76606882.3324163,0.7963643954
988,2,631596974,False,0.852905750274658,7850,3670,10060,0.0300127805474483,0.0243040677160025,8.94422340393066,368.013427734375,0.003766097125,100141599,520,17301987328.0,126495904.0,1131407616.0,3074365.0,0.1549574824
989,2,631599027,False,0.797364950180054,8290,1840,9740,0.172346058989215,0.196834057569504,138.321334838867,702.730712890625,0.02162651995,100141599,905,27637776384.0,89691296.0,12406219776.0,17654302.0,0.1098718376
990,3,631606183,False,0.408529758453369,3920,3120,6540,0.00425958250103129,0.0226887121009739,8.05384604184866,354.971494459703,0.000534505671191406,100141599,132,1772935424.0,19231200.0,154885124.0,436331.16015625,0.02355822
991,2,631600091,False,0.481444478034973,7740,1940,9360,0.00777474670419365,0.000809783523436636,0.379433333873749,468.561431884766,0.0009755994171875,100141599,1090,178351407104.0,983482176.0,373165920.0,796407.6875,1.2047656656
992,3,631608731,False,0.672641932964325,3520,3640,6540,0.0913843063138978,0.00743268544712438,3.04607436489737,409.821508870102,0.0114671872116211,100141599,731,161561757896.0,1259432976.0,3836326502.5,9360969.15234375,1.5428053956
993,2,631597778,False,0.520913302898407,5300,2170,6470,0.0199944305623372,0.0733364596962929,35.0937309265137,478.530456542969,0.002508963384375,100141599,819,4081513984.0,27927900.0,980094208.0,2048133.375,0.0342116775
994,1,631603229,False,0.904643714427948,7710,1640,5400,0.187502841910112,0.0254248566925526,19.0588207244873,749.613708496094,0.02352844025,100141599,687,161645428736.0,755437504.0,14397748224.0,19206890.0,0.9254109424
995,3,631606019,True,1.0,7900,580,7380,0.99999997423792,0.999363694027619,7358.31369100576,7362.99881112391,0.12548310950475,100141599,8,754258123358.375,102500413.057449,754230192734.375,102435191.432449,0.125563005995375
996,2,631596983,False,0.141949787735939,8120,5910,6400,0.000222119627865812,0.000198498470126651,0.0401055514812469,202.044616699219,2.78722623046875e-05,100141599,525,12847482880.0,114624896.0,4597094.5,22752.8671875,0.1404154976
997,1,631602950,False,0.32013988494873,8540,2510,1210,0.00230632250850567,0.0070756203494966,3.0699257850647,433.873718261719,0.00028940452734375,100141599,759,5556827136.0,33389100.0,102502056.0,236248.59375,0.0409016475
998,3,631606042,False,1.0,7650,1230,7670,2.95895442309482,0.137078770852138,190.558857783793,1390.14127861813,0.371298811458203,100141599,22,754723132672.0,2211145232.0,421353309804.0,303101070.578125,2.7086529092
999,2,631598883,False,0.191900357604027,9880,5360,6010,0.000293804985444254,0.000131006121125606,0.0383289999760588,292.574115214888,3.68675641113281e-05,100141599,877,10910811887.5469,229729500.0,8805302.0,30095.970703125,0.2814186375
1000,1,631601635,False,0.537071108818054,6830,1810,3310,0.00593675108943668,0.00922120828181505,3.03719568252563,329.370666503906,0.00074496200625,100141599,1062,6406466560.0,65949300.0,200300928.0,608132.25,0.0807878925
1001,1,631604693,False,0.276988714933395,3650,3940,4460,0.000231938698044699,0.00120723189320415,0.416559964418411,345.053802490234,2.91043897949219e-05,100141599,488,1646456192.0,19680300.0,8198025.0,23758.685546875,0.0241083675
1002,3,631607023,False,0.0,0,0,0,0.0,0.0,0.0,0.0,0.0,100141599,523,57793853440.0,499976992.0,0.0,0.0,0.6124718152
1003,3,631606928,False,0.579428672790527,9030,3580,8040,0.00151226909393108,0.000698268382214267,0.246799103956637,353.44447814466,0.000189764233203125,100141599,482,13617883136.0,221848192.0,54751935.0,154909.578125,0.2717640352
1004,1,631602360,False,0.543702960014343,9680,3190,1900,0.0708874955916342,0.00141585909549613,0.535969360247096,378.547103982326,0.00889518360100098,100141599,909,532294742016.0,5128599584.0,2748772238.0,7261374.36816406,6.2825344904
1005,2,631597234,False,1.0,8470,1970,9240,0.182380442282164,0.371760189533234,524.6337890625,1411.21569824219,0.0228856656,100141599,601,36875845632.0,50253300.0,26364579840.0,18682176.0,0.0615602925
1006,1,631603565,False,0.142036288976669,8230,3880,5590,3.38838755434819e-05,8.35005630506203e-05,0.0414235182106495,496.086669921875,4.25185417480469e-06,100141599,587,5595316224.0,41567400.0,1721867.875,3470.9013671875,0.050920065
1007,3,631606848,False,0.00934911333024502,5750,3380,5900,9.7025880497231e-07,1.70672342061656e-06,0.000288669189157978,169.13647851255,1.2175109500885e-07,100141599,449,3096435712.0,58233600.0,16810.24609375,99.3886489868164,0.07133616
1008,2,631596579,False,0.0,0,0,0,0.0,0.0,0.0,0.0,0.0,100141599,350,1368577920.0,12030300.0,0.0,0.0,0.0147371175
1009,2,631596630,False,0.319542825222015,10780,6620,5910,0.00165380661721527,2.15254802801582e-05,0.00644335437703722,299.336149213664,0.000207524802193975,100141599,370,785598356960.0,7870114840.0,50709938.9020996,169408.001791,9.640890679
1010,3,631606222,False,0.23397034406662,2300,3590,6760,0.00103450669949816,0.000762326132574826,0.332293684287523,435.894389669118,0.000129813120800781,100141599,188,7680161792.0,139008608.0,46191682.5,105969.89453125,0.1702855448
1011,3,631610338,False,0.12786976993084,9080,5000,5570,2.02154009765368e-05,0.000120653063116155,0.0363227306486655,301.051044296297,2.53669143977165e-06,100141599,607344854,2370200128.0,17163000.0,623407.026123047,2070.76852226257,0.021024675
1012,3,631608355,False,0.502192974090576,6380,4440,5850,0.0125118109344016,0.00570603583451664,2.15246213362404,377.225484740822,0.00157002098203125,100141599,599,27511224320.0,224612992.0,483470960.0,1281649.78125,0.2751509152
1013,1,631605977,False,0.371091514825821,5020,6830,2910,0.00105865400091903,0.000226926399503604,0.0382664446854976,168.629321089148,0.000132843199347281,100141599,21,12965107712.0,477879296.0,18286741.6467285,108443.428038597,0.5854021376
1014,2,631597666,False,0.188824757933617,5400,4940,5930,0.000527638050034033,0.000432124856153644,0.157683960315006,364.903703338325,6.62096649169922e-05,100141599,737,6649568352.0,125076596.0,19722573.0,54048.7060546875,0.1532188301
1015,2,631598846,False,0.0740435421466827,10500,7100,7130,5.74403326359973e-05,4.60118062619586e-05,0.00803376920521259,174.602340698242,7.20779173583984e-06,100141599,866,1854225408.0,127878304.0,1027344.75,5883.91162109375,0.1566509224
1016,3,631608682,False,0.494742661714554,3200,3400,5730,0.000994552952771693,0.000748399468227016,0.528695902345277,706.435432935001,0.00012479960029602,100141599,707,16560865280.0,136126800.0,71969681.359375,101877.224731445,0.16675533
1017,1,631596172,False,0.46526238322258,9110,2660,1650,0.0129725665777901,0.00766676943749189,2.99982619285583,391.276428222656,0.001627838034375,100141599,312782644,25384671232.0,173325600.0,519946656.0,1328847.375,0.21232386
1018,2,631599673,False,0.645600974559784,8480,2040,10080,0.203591000281261,0.0757005592260741,39.9459664796416,527.683902048147,0.025547232440625,100141599,1027,51420956800.0,275491804.0,11004786368.0,20854883.625,0.3374774599
1019,3,631608786,False,0.217835575342178,9990,4410,5990,0.000203575624401279,0.000617381904661456,0.348998638126536,565.288090712524,2.55453030273437e-05,100141599,757,4931059456.0,33777000.0,11788127.0,20853.30859375,0.041376825
1020,1,631605310,False,0.615032494068146,9220,1780,3090,0.0811754160801867,0.112349003553391,55.5577697753906,494.510559082031,0.0101861438875,100141599,305,13001689088.0,74012400.0,4111963904.0,8315219.5,0.09066519
1021,2,631599044,False,0.0130730494856834,5310,5340,6970,3.32896766172633e-06,3.57351564161945e-06,0.000665769563056529,186.306594848633,4.17729224395752e-07,100141599,908,4313126912.0,95425200.0,63531.19140625,341.003448486328,0.11689587
1022,2,631597205,False,0.30227318406105,7560,3970,6210,0.000446701254410751,0.000606628484092653,0.219917252659798,362.523773193359,5.60534638671875e-05,100141599,595,5123438080.0,75429904.0,16588337.0,45757.9296875,0.0924016324
1023,1,631601618,False,0.688683271408081,9670,5650,5690,0.0126904126800918,6.05937339297392e-05,0.019712646177235,325.324829793335,0.00159243248502081,100141599,1065,2093281508304.0,21453454036.0,422904348.691243,1299944.88573127,26.2804811941
1024,3,631606877,False,0.00842793192714453,10460,4070,6590,2.66894163832946e-07,3.20297992745091e-06,0.000361479175499159,112.857146684289,3.34907104492187e-08,100141599,460,628327168.0,8535600.0,3085.44165039062,27.33935546875,0.01045611
1025,2,631600693,False,0.999244153499603,9470,1790,7000,1.5351202794657,0.0618220768049415,89.6312737448937,1449.82631411259,0.19263167109375,100141599,294,737491818496.0,2543595296.0,227985686272.0,157250343.75,3.1159042376
1026,3,631609589,False,0.0244036857038736,11350,3630,4900,2.95157764094316e-06,6.6915395879813e-07,0.000109490313848885,163.62499602564,3.70373149871826e-07,100141599,989,61880528896.0,451832384.0,49471.26953125,302.345428466797,0.5534946704
1027,2,631605587,False,0.933611333370209,7340,1530,8110,0.021365471797463,0.170541509985924,167.571151733398,982.582763671875,0.00268100590625,100141599,312782624,4273989632.0,12833100.0,2150457344.0,2188576.25,0.0157205475
1028,3,631609892,False,0.620904862880707,7270,1210,8380,0.109982451364792,0.0103621409248269,6.50250377707038,627.525124802241,0.01380094034375,100141599,1070,198298312704.0,1087234176.0,7069744336.0,11266073.75,1.3318618656
1029,3,631606726,False,0.593978226184845,3130,4180,6760,0.0932010071006074,0.0170767116543487,8.39373256530626,491.530965399229,0.01169515248125,100141599,412,88787767296.0,559069184.0,4692677216.0,9547063.25,0.6848597504
1030,2,631596406,False,0.758521795272827,2620,3710,6450,0.302879164541598,0.131747409701347,98.3102416992188,746.202453613281,0.03800622035,100141599,288,59339911168.0,235492192.0,23151294464.0,31025486.0,0.2884779352
1031,1,631602365,False,0.0138456467539072,5430,5140,5680,1.89617641412614e-06,2.03547074306698e-06,0.000349464127793908,171.687133789062,2.37938118743896e-07,100141599,908,6206300160.0,95425200.0,33347.68359375,194.235198974609,0.11689587
1032,3,631609440,False,0.342301547527313,9500,4310,6440,0.00861241500445559,9.99585590504856e-05,0.0190891882787073,190.971022992299,0.00108071264294586,100141599,960,582756624000.0,8825801520.0,168477386.925781,882214.402404785,10.811606862
1033,3,631606445,True,1.0,7900,580,7380,0.99999997423792,0.999363694027619,7358.31369100576,7362.99881112391,0.12548310950475,100141599,315,754258123358.375,102500413.057449,754230192734.375,102435191.432449,0.125563005995375
1034,2,631599107,False,0.0792889222502708,10570,3800,6040,7.56192233971858e-05,4.21959225168497e-06,0.000986205653541989,233.720604911097,9.48893553466797e-06,100141599,920,262141378560.0,1835738944.0,1810416.125,7746.06982421875,2.2487802064
1035,2,631605511,False,0.797094881534576,8350,1040,9200,0.138257813912368,0.184327900409698,99.5208587646484,539.912048339844,0.01734902085,100141599,312782604,16789975040.0,76833000.0,7646486016.0,14162466.0,0.094120425
1036,2,631597565,False,0.354231148958206,9370,3510,10020,0.00180580803845676,0.0024413678329438,0.878701686859131,359.921875,0.000226598413671875,100141599,692,8081846272.0,75768304.0,66577736.0,184978.296875,0.0928161724
1037,1,631601047,False,0.403685301542282,6520,5060,5660,0.00319230828539351,0.00828915648162365,3.24396419525146,391.350372314453,0.00040058078046875,100141599,560581559,5409126400.0,39449700.0,127973416.0,327004.71875,0.0483258825
1038,1,631605761,False,0.0,0,0,0,0.0,0.0,0.0,0.0,0.0,100141599,147,520193536.0,6518700.0,0.0,0.0,0.0079854075
1039,3,631606332,False,0.465242922306061,9570,3520,7690,0.0026265679724537,0.00304458476196942,1.73661187493635,570.393669648731,0.000329589925,100141599,271,15044758016.0,88371000.0,153466128.0,269053.0,0.108254475
1040,3,631607139,False,0.432406365871429,5530,2330,9940,0.00418113813252912,0.00117698118907645,0.229801592235768,195.246614277742,0.000524662227655029,100141599,558,19296031584.0,363893408.0,83623284.5625,428295.696044922,0.4457694248
1041,3,631608772,False,0.342301547527313,9500,4310,6440,0.00503088792090944,0.000203110713702408,0.0356348979155682,175.445683125211,0.000631291476148987,100141599,752,52597264768.0,2537236816.0,90414174.9257812,515339.980529785,3.1081150996
1042,2,631595738,False,0.548027217388153,8790,2500,5780,0.0301085557357412,0.0207505002617836,12.8726043701172,620.351501464844,0.00377811529375,100141599,42,25862477824.0,148631392.0,1913273088.0,3084175.75,0.1820734552
1043,2,631596648,False,0.650147438049316,7670,2400,9380,0.106883197034989,0.00269791386515964,1.05471444699418,390.937034949325,0.0134120362632812,100141599,378,630486658048.0,4058172936.0,4280213624.0,10948601.03125,4.9712618466
1044,1,631605964,False,0.543702960014343,9680,3190,1900,0.020436163507837,0.00443603238090873,1.6668484210968,375.752075195312,0.002564393409375,100141599,28,51236372480.0,471904192.0,786592768.0,2093382.375,0.5780826352
1045,1,631602157,False,0.0507746711373329,6730,5250,1720,1.79684430613332e-05,2.24764517042786e-06,0.000583595305215567,259.647430419922,2.25473616638184e-06,100141599,952,56167636992.0,818901888.0,477907.3125,1840.60095214844,1.0031548128
1046,2,631599129,False,0.888547539710999,8490,5430,7670,0.309647463330751,0.0795803368091583,75.181266784668,944.721618652344,0.03885552755,100141599,924,53037723648.0,398575808.0,29965434880.0,31718798.0,0.4882553648
1047,2,631596517,False,0.141949787735939,8120,5910,6400,0.000225304560633723,5.04886998719029e-05,0.0101761290742367,201.552606822022,2.82719175822645e-05,100141599,331,48025044096.0,457114492.0,4651656.07229614,23079.1163936853,0.5599652527
1048,1,631602661,False,0.186302810907364,9520,6920,5690,0.000540995361468508,0.000411258253734559,0.0484944507479668,117.917266845703,6.78857819335937e-05,100141599,841,2078907648.0,134749792.0,6534617.0,55416.96484375,0.1650684952
1049,3,631610310,False,1.0,7980,4250,8160,0.532474057307291,0.0106593262961841,16.0167487619023,1502.6042281524,0.0668165021628616,100141599,290,659770127872.0,5117029152.0,81958170334.9141,54544083.3982544,6.2683607112
1050,2,631597345,False,0.339789211750031,5950,1890,8230,0.00259849168455215,0.000746568141039461,0.355766206979752,476.535491943359,0.000326066825,100141599,625,65235492864.0,356534112.0,126842784.0,266177.0,0.4367542872
1051,1,631605999,False,0.0147949550300837,9660,5360,3590,1.74552783031822e-06,3.59234860525248e-07,4.56689776910935e-05,127.128463745117,2.19034265518188e-07,100141599,7,65702633472.0,497734208.0,22731.01171875,178.803482055664,0.6097244048
1052,3,631609175,False,0.157198294997215,11970,5140,3570,0.000107024203383698,5.12331433927856e-06,0.000697783820852847,136.197737371528,1.3429730178833e-05,100141599,901,6497553980.0,2139834552.0,1493141.9296875,10963.0450439453,2.6212973262
1053,1,631601025,False,0.141267195343971,7220,6170,3960,0.000187980473197929,1.05718079623158e-05,0.00213859758096259,202.292511232311,2.35883749107361e-05,100141599,278,195188295872.0,1821430764.0,3895307.42578125,19255.8162536621,2.2312526859
1054,1,631605220,False,0.0,0,0,0,0.0,0.0,0.0,0.0,0.0,100141599,328,6765164032.0,416480384.0,0.0,0.0,0.5101884704
1055,3,631606194,False,0.195382535457611,10800,4310,6680,4.49447560130433e-05,0.000353132127930991,0.116220153174713,329.112374610742,5.63980788574219e-06,100141599,147,1124217920.0,13037400.0,1515208.625,4603.9248046875,0.015970815
1056,2,631597093,False,1.0,8290,740,7290,0.836121225487275,0.809669971466064,3326.60400390625,4108.59228515625,0.104919094,100141599,565,359344078848.0,105781664.0,351893716992.0,85648240.0,0.1295825384
1057,1,631603303,False,0.349732905626297,9950,2540,2200,0.00214936519250943,0.000497654546052217,0.178448304533958,358.578674316406,0.000269709034765625,100141599,664,55381254144.0,442416608.0,78948496.0,220170.640625,0.5419603448
1058,1,631603055,False,0.549793064594269,8830,2510,1770,0.0371032098338301,0.0161344707012177,6.12621307373047,379.697174072266,0.0046558262625,100141599,729,27071815680.0,235562400.0,1443105408.0,3800674.5,0.28856394
1059,2,631599965,False,0.620904862880707,7270,1210,8380,0.103834566785581,0.0195658206939697,12.5454912185669,641.194274902344,0.01302948465,100141599,1070,114262958080.0,543617088.0,6819943424.0,10636314.0,0.6659309328
1060,1,631602178,False,0.243452116847038,7630,4890,5360,0.000600289328913591,0.000193244821275584,0.0738988518714905,382.410522460938,7.53261735351562e-05,100141599,946,32546334720.0,318201312.0,23514712.0,61490.75390625,0.3897966072
1061,3,631606348,False,1.0,7650,1230,7670,0.0844587114656144,0.244228333897922,1109.85114543812,4544.31771991695,0.0105981420125,100141599,312782570,43663819392.0,35424000.0,39315366976.0,8651544.5,0.0433944
1062,1,631605802,False,0.00430986564606428,6960,4780,1950,1.59044495562397e-07,4.30851052612979e-08,1.18838524940656e-05,275.82275390625,1.99573983669281e-08,100141599,131,40062226432.0,378129600.0,4493.63623046875,16.2917537689209,0.46320876
1063,3,631608625,False,0.655244708061218,6250,4760,6270,0.014281734241948,0.0125467169816742,5.33207543027297,424.977740237629,0.00179211646796875,100141599,690,7538412800.0,116600400.0,621722128.0,1462952.21875,0.14283549
1064,1,631605840,False,0.0385909751057625,5910,7130,5110,1.17731305250003e-05,8.61524677020498e-06,0.00135327561292797,157.079147338867,1.47732906494141e-06,100141599,117,1179467264.0,139982400.0,189434.765625,1205.98291015625,0.17147844
1065,2,631600347,False,0.0,0,0,0,0.0,0.0,0.0,0.0,0.0,100141599,1126,877242624.0,16067700.0,0.0,0.0,0.0196829325
1066,3,631608994,False,0.371091514825821,5020,6830,2910,0.00324716330216324,6.2590151036071e-05,0.0106734334693639,170.528961708572,0.000407464158722281,100141599,840,179662158080.0,5314315392.0,56721991.7717285,332623.803038597,6.5100363552
1067,3,631606037,False,0.397869199514389,9820,3600,10080,0.0031208664697525,0.000221393511200753,0.0812791348655489,367.125190005445,0.0003916160390625,100141599,20,123155836928.0,1443974400.0,117364990.0,319686.5625,1.76886864
1068,1,631602229,False,0.387439787387848,5560,1570,5580,0.0130963204312867,0.00492059905081987,1.7896876335144,363.713348388672,0.001643367053125,100141599,935,32869808128.0,272634304.0,487930240.0,1341524.125,0.3339770224
1069,2,631597656,False,0.672641932964325,3520,3640,6540,0.0861607506565807,0.0140156616239716,5.7435768872547,409.797057131518,0.0108117191881836,100141599,731,92230690072.0,629716488.0,3616825066.0,8825893.21484375,0.7714026978
1070,2,631605734,False,0.0192054659128189,12260,5160,7820,5.3657257658259e-06,1.19007381726988e-05,0.00159788969904184,134.268112182617,6.73307971191406e-07,100141599,589508451,2726712576.0,46185300.0,73799.015625,549.63916015625,0.0565769925
1071,1,631601671,False,0.167319983243942,4330,4290,1660,0.000405969967682927,5.22602146859949e-05,0.0112251366618419,214.793160136981,5.09423752227783e-05,100141599,1057,4265120560.0,795741324.0,8932305.109375,41585.6124267578,0.9747831219
1072,2,631595682,False,0.625776171684265,9600,4060,9640,0.118853555268463,0.0257992763072252,10.0655069351196,390.146881103516,0.014914114075,100141599,28,53130297344.0,471904192.0,4749955072.0,12174787.0,0.5780826352
1073,2,631597275,False,0.109776578843594,7560,2740,6080,1.68993851436304e-05,8.04953087936155e-05,0.0457403510808945,568.236267089844,2.12058745117187e-06,100141599,611,1138986752.0,21505500.0,983669.125,1731.091796875,0.0263442375
1074,2,631599200,True,0.00045046623563394,8290,1170,7200,2.57620800751443e-08,1.0,7595.47802734375,7595.47802734375,3.23270599842071e-09,100141599,940,20044.0390625,2.63894367218018,20044.0390625,2.63894367218018,3.23270599842071e-09
1075,1,631602969,False,0.212128132581711,8700,2910,960,0.00043929779306258,0.000258077954640612,0.0842937231063843,326.621154785156,5.51244544921875e-05,100141599,755,21160304640.0,174364192.0,14697807.0,44999.5546875,0.2135961352
1076,3,631609874,False,0.0724195688962936,11380,3580,9170,6.08767111844705e-05,1.35543786026113e-06,0.000267025583008207,197.003190509053,7.63899921264648e-06,100141599,1064,833273954304.0,4600666624.0,1228495.6875,6235.91772460938,5.6358166144
1077,1,631602739,False,0.107801795005798,6720,4240,2740,3.81849621533681e-05,4.37146110675993e-06,0.000789123481796471,180.517100009465,4.7915679107666e-06,100141599,818,85498898432.0,894777264.0,706089.75,3911.48400878906,1.0961021484
1078,2,631595964,False,0.41535422205925,3630,4680,7620,0.00661818066053388,0.000868397126115997,0.328330603880268,378.088082060754,0.000830469909942627,100141599,119,96649186480.0,780673496.0,256319000.375,677934.620361328,0.9563250326
1079,2,631605605,False,0.518021523952484,10070,2450,9760,0.0574421130680832,0.0523776449263096,17.7225761413574,338.361450195312,0.00720801515,100141599,312782632,12586090496.0,112339800.0,1990950656.0,5884094.0,0.137616255
1080,3,631609018,False,0.599053978919983,7940,3300,10280,0.022089062216478,0.0035216927168988,1.60610708264262,456.061108039249,0.002771804284375,100141599,847,106125139968.0,642502784.0,1031928272.0,2262697.375,0.7870659104
1081,3,631610045,False,0.19715017080307,11950,5130,3580,0.000147392387182102,1.93113619106753e-05,0.00293164822881222,151.809501700219,1.84952555374145e-05,100141599,1123,8555287680.0,781828224.0,2292045.328125,15098.1677856445,0.9577395744
1082,2,631600432,False,0.89839231967926,7800,3600,7600,0.0547455935514853,0.044570304453373,52.0236511230469,1167.22680664062,0.0068696474875,100141599,563807435,20696778752.0,125820896.0,6545662464.0,5607875.5,0.1541305976
1083,1,631605176,False,0.0,0,0,0,0.0,0.0,0.0,0.0,0.0,100141599,336,1910424704.0,12548700.0,0.0,0.0,0.0153721575
1084,3,631606123,False,1.0,6750,2600,8470,0.139666715670288,0.00429486978951024,6.99451693280386,1628.57485223119,0.017525814228125,100141599,81,78797383680.0,3331134080.0,23299673728.0,14306787.125,4.080639248
1085,1,631604777,False,0.582591950893402,6690,2850,1710,0.103102942726491,0.000704367582800626,0.271780592003127,385.850511351622,0.0129376781857117,100141599,453,1116505224168.0,14994117000.0,4075109994.82416,10561369.9475198,18.367793325
1086,1,631602019,False,0.0142720714211464,11400,6830,5000,3.78119956610813e-06,1.21624418625288e-06,0.000179633134393953,147.694961547852,4.74476691436768e-07,100141599,978,18809106432.0,318462304.0,57206.3828125,387.327911376953,0.3901163224
1087,1,631605837,False,0.0,0,0,0,0.0,0.0,0.0,0.0,0.0,100141599,118,3785450496.0,92266200.0,0.0,0.0,0.113026095
1088,2,631596279,False,0.558419466018677,7880,2350,9350,0.0120685767348514,0.0901909247040749,34.0698318481445,377.752349853516,0.001514402575,100141599,243,1669466368.0,13707000.0,466995200.0,1236247.0,0.016791075
1089,2,631597772,False,0.453675270080566,3620,4250,6430,0.0179649657198621,0.00810237880796194,2.71541476249695,335.137969970703,0.00225429981875,100141599,814,28524437504.0,227124000.0,616735872.0,1840244.75,0.2782269
1090,1,631601962,False,0.170024856925011,8600,3000,950,0.000142852380578557,0.000152226537466049,0.0572137869894505,375.846313476562,1.79255613769531e-05,100141599,990,15233720320.0,96127200.0,5499801.0,14633.111328125,0.11775582
1091,3,631609144,False,1.0,7970,1080,6980,2.66700722321661,0.128782211231021,134.249493369232,1042.45370603555,0.3346643680625,100141599,894,585235778783.25,2121375304.0,284793559808.0,273195402.5,2.5986847474
1092,1,631600446,False,0.0,0,0,0,0.0,0.0,0.0,0.0,0.0,100141599,484682528,1695744000.0,15807600.0,0.0,0.0,0.01936431
1093,2,631601362,False,0.888978660106659,7870,3380,7370,0.0611550410656123,0.0590591579675674,64.851188659668,1098.07165527344,0.0076739249125,100141599,560581551,21673850880.0,106070400.0,6878791168.0,6264428.5,0.12993624
1094,1,631605981,False,0.237836301326752,4310,3140,5650,0.000403265217152414,0.000730342755559832,0.155219346284866,212.52946472168,5.06029747070312e-05,100141599,19,4333211648.0,56560500.0,8779284.0,41308.55078125,0.0692866125
1095,2,631598895,False,0.989448368549347,7660,680,6570,2.65472237923356,0.159053187384077,158.073439453565,993.840123881665,0.333122827600013,100141599,879,565569225357.469,1709723688.0,270261903877.394,271937002.122459,2.0944115178
1096,3,631606248,False,0.0,0,0,0,0.0,0.0,0.0,0.0,0.0,100141599,223,7253082112.0,256442400.0,0.0,0.0,0.31414194
1097,3,631608712,False,0.429058194160461,7690,4480,6990,0.00145354919370999,0.0016740714553145,0.907337129082454,541.994265658151,0.00018239587734375,100141599,725,10948676096.0,88941600.0,80700016.0,148894.59375,0.10895346
1098,2,631597605,False,0.948058247566223,7960,2530,6480,0.0570898415628928,0.223575949668884,427.536407470703,1912.2646484375,0.007163811025,100141599,706,17033431040.0,26156700.0,11182941184.0,5848009.0,0.0320419575
1099,3,631609827,False,0.598721325397491,7210,1050,8420,0.0384356192124478,0.00341339634455954,1.88499122987883,552.233329974479,0.00482302113876953,100141599,1047,212615585792.0,1153443584.0,2174231040.0,3937160.11328125,1.4129683904
1100,3,631607004,False,0.00406814645975828,13110,5100,6480,1.09694449915266e-07,5.59567958727989e-07,7.05855010795449e-05,126.142857142857,1.37648010253906e-08,100141599,514,665598016.0,20080800.0,1417.41333007812,11.236572265625,0.02459898
1101,2,631596659,False,0.654959380626678,8230,4920,7910,0.0438670570279605,0.0064424374140799,5.07823705673218,788.247802734375,0.0055045748625,100141599,381,94943346688.0,697489216.0,3542015488.0,4493530.5,0.8544242896
1102,2,631601158,False,1.0,6680,2610,8510,0.661053660451948,0.0494823604822159,92.5713729858398,1870.79541015625,0.082951071,100141599,484682516,236385435648.0,1368470656.0,126681210880.0,67715160.0,1.6763765536
1103,3,631606184,False,0.0309513658285141,5420,6610,5650,7.74543990315933e-06,5.97069937846498e-06,0.000912149847572906,152.77102224621,9.71921908569336e-07,100141599,133,6017422848.0,132883200.0,121209.390625,793.405639648438,0.16278192
1104,1,631602488,False,0.0,0,0,0,0.0,0.0,0.0,0.0,0.0,100141599,884,6131408896.0,73572304.0,0.0,0.0,0.0901260724
1105,2,631599301,False,0.248480528593063,4510,6020,9170,0.0028088051436645,5.52770106878597e-05,0.0168162062764168,304.216979980469,0.0003524576125,100141599,961,581642747904.0,5205066240.0,87529464.0,287720.5,6.376206144
1106,3,631610246,False,0.297764986753464,4130,4630,6080,0.00301311699717305,0.000182231269743749,0.059673901757334,327.462470306258,0.000378095299847412,100141599,258,154476609536.0,1693722624.0,101071037.46875,308649.224365234,2.0748102144
1107,3,631608674,False,0.15446899831295,3070,4760,7930,0.000395908441190119,0.000181345393489605,0.0487699439447863,268.934010433421,4.96798235595703e-05,100141599,704,11558186240.0,223633792.0,10906607.5,40554.9580078125,0.2739513952
1108,3,631608900,True,0.881347477436066,7980,410,7430,0.00164737311140729,1.0,6771.6814547495,6771.6814547495,0.000206717505859375,100141599,805,1142714368.0,168748.984375,1142714368.0,168748.984375,0.000206717505859375
1109,1,631604938,False,0.830202698707581,7970,1710,1950,0.0664255629265971,0.0199422610664673,8.15390905296822,408.875855440431,0.00833528640136719,100141599,402,48270837248.0,341200800.0,2782120292.0,6804315.4296875,0.41797098
1110,2,631599275,False,0.646928429603577,3810,4670,7490,0.106105583130196,0.0139913186430931,5.14727687835693,367.890777587891,0.01331445885,100141599,956,55795300352.0,776835008.0,3998584832.0,10868946.0,0.9516228848
1111,3,631606200,False,1.0,6990,3180,7330,2.14132279594257,0.239766379891794,670.224187807719,2795.32179661798,0.268699849810547,100141599,155,745342255104.0,914835584.0,613144936264.0,219346816.171875,1.1206735904
1112,1,631600454,False,0.440931648015976,7510,3390,1740,0.00599230267550615,0.00334798730909824,1.01503705978394,303.178253173828,0.0007519327921875,100141599,484682524,14047754240.0,183340800.0,186097696.0,613822.6875,0.22459248
1113,3,631610304,False,0.0,0,0,0,0.0,0.0,0.0,0.0,0.0,100141599,286,3154161280.0,59198400.0,0.0,0.0,0.07251804
1114,3,631607037,False,0.66280472278595,8040,1850,10100,0.0454429903066878,0.0262683202097677,11.4752966273704,436.849274553283,0.00570232787578125,100141599,527,20535629824.0,177208192.0,2033516568.0,4654961.53125,0.2170800352
1115,2,631597725,False,0.421811103820801,4380,4780,8710,0.00838204896553015,0.00244080694392323,0.847085356712341,347.051361083984,0.0010518055953125,100141599,783,37909274624.0,351775808.0,297984128.0,858616.8125,0.4309253648
1116,1,631602185,False,0.468523770570755,6210,2060,3380,0.00968958663570483,0.0023414483293891,0.860656499862671,367.574432373047,0.0012158794921875,100141599,945,36409630720.0,423906304.0,364837728.0,992554.6875,0.5192852224
1117,3,631608765,False,0.339762538671494,8280,4890,6450,0.000443917629870945,0.000117879607665619,0.0632235189374647,536.339746878075,5.57041659952402e-05,100141599,749,43407890432.0,385756192.0,24388863.9101562,45472.788567543,0.4725513352
1118,2,631596743,False,0.668217420578003,7930,4380,7380,0.0120013134757493,0.0202486254274845,10.2038927078247,503.930114746094,0.001505962171875,100141599,422,7770885120.0,60713100.0,619509952.0,1229356.875,0.0743735475
1119,2,631596818,False,0.0186127759516239,11530,6320,7770,4.42064492058974e-06,1.00995418961247e-06,0.0001556146889925,154.080947875977,5.54716284942627e-07,100141599,445,45278437376.0,448366496.0,69772.4140625,452.829620361328,0.5492489576
1120,3,631606223,False,0.593605279922485,6190,4710,5980,0.0390910996098584,0.0490575681228453,21.6639356272496,441.602314509371,0.004905272859375,100141599,189,11005949952.0,81624600.0,1768310080.0,4004304.375,0.099990135
1121,2,631596106,False,0.0907967537641525,11010,5060,5860,2.95276866884069e-05,2.7542833777261e-05,0.00878171902149916,318.838592529297,3.70522603759766e-06,100141599,169,16235795456.0,109817104.0,964382.9375,3024.67431640625,0.1345259524
1122,2,631599459,False,0.159429356455803,7830,3660,10480,0.000194684599060757,0.000207460063393228,0.0655553936958313,315.990447998047,2.44296294921875e-05,100141599,990,13640614912.0,96127200.0,6301656.5,19942.5546875,0.11775582
1123,1,631602117,False,0.199582457542419,8490,3150,690,3.11583480142261e-05,2.48595970333554e-05,0.00749376136809587,301.443389892578,3.90984649658203e-06,100141599,959,10183951360.0,128389504.0,962120.3125,3191.71142578125,0.1572771424
1124,2,631596007,False,0.302241414785385,7930,2560,5840,0.000406650322334217,0.000103869606391527,0.0262965112924576,253.168502807617,5.10277482421875e-05,100141599,129,6065350656.0,401034592.0,10545811.0,41655.3046875,0.4912673752
1125,1,631602261,False,0.316204190254211,5950,1780,4930,0.000900330212053122,0.00829201936721802,2.52389430999756,304.376312255859,0.0001129762375,100141599,927,950808192.0,11122200.0,28071258.0,92225.5,0.013624695
1126,2,631600296,False,0.572399318218231,9070,5550,6380,0.0300172098055581,0.00197368659653458,0.975957763800993,494.48466920462,0.00376665292209473,100141599,1117,176108935104.0,1557906264.0,1520450713.625,3074818.71191406,1.9084351734
1127,1,631603117,False,0.232497930526733,6520,3540,3900,0.000239643147616585,1.9245894210554e-05,0.00900460787599636,467.871629007419,3.00711681091309e-05,100141599,709,180571427840.0,1275487232.0,11485262.375,24547.8923339844,1.5624718592
1128,2,631597159,False,0.32386377453804,5310,3750,5710,0.000200902669173516,0.000128515472169966,0.0386406406760216,300.669158935547,2.52098922851562e-05,100141599,581,12962993152.0,160132496.0,6187622.0,20579.50390625,0.1961623076
1129,1,631602842,False,0.125891000032425,6640,7470,2280,0.000186805875336297,3.56855452992022e-05,0.00612456444650888,171.625915527344,2.34409827148437e-05,100141599,788,43092860928.0,536225408.0,3284147.0,19135.49609375,0.6568761248
1130,3,631606136,False,0.421811103820801,4380,4780,8710,0.0208514459103895,0.000300635252635108,0.107048423787643,356.074089280445,0.00261650433791238,100141599,95,512972978628.0,7104695440.0,760546448.343251,2135921.9084999,8.703251914
1131,3,631606275,False,0.751584470272064,7640,960,8650,0.171142917811837,0.0704763294868739,36.3732552352109,516.105981966405,0.02147554605,100141599,312782608,45548326912.0,248751008.0,9047883904.0,17531058.0,0.3047199848
1132,2,631600416,False,0.186280533671379,10720,4530,5790,3.43497760555827e-05,0.00016280438285321,0.0791971459984779,486.455871582031,4.31031682128906e-06,100141599,599626927,3220745984.0,21612600.0,1711656.25,3518.6259765625,0.026475435
1133,1,631601704,False,0.0,0,0,0,0.0,0.0,0.0,0.0,0.0,100141599,1051,43909.9140625,1800.0,0.0,0.0,2.205e-06
1134,1,631605480,False,0.573968410491943,7900,2310,1780,0.00432384687474998,0.00286899181082845,1.3164290189743,458.847229003906,0.00054256976484375,100141599,252,25240782848.0,154379696.0,203229904.0,442914.09375,0.1891151276
1135,2,631600307,False,0.546924412250519,6240,4470,5770,0.00987701367359006,0.0518385544419289,21.6547050476074,417.733581542969,0.0012393984203125,100141599,1120,2808013312.0,19517400.0,422643552.0,1011753.8125,0.023908815
1136,3,631606278,False,0.549240410327911,5230,2840,6110,0.0054187708079819,0.000202030036921158,0.0742152058888063,367.347385665077,0.00067996422819643,100141599,242,243822821376.0,2747476800.0,203904556.386719,555072.839344025,3.36565908
1137,3,631606943,False,1.0,6470,3200,8530,5.66260847415127,0.0247705956166319,36.0715303790527,1456.223779893,0.71056173755,100141599,485,3719629635584.0,23416893440.0,844683183104.0,580050398.0,28.685694464
1138,2,631600425,False,0.0039967056363821,2280,3980,7010,3.12392093137316e-07,2.56449879998399e-07,3.07952359435149e-05,120.082862854004,3.91999322414398e-08,100141599,204,10463239168.0,124780496.0,3842.64501953125,31.9999446868896,0.1528561076
1139,1,631604952,False,0.0,0,0,0,0.0,0.0,0.0,0.0,0.0,100141599,397,1119092480.0,16812000.0,0.0,0.0,0.0205947
1140,2,631595768,False,0.741603374481201,8110,4240,7910,0.212169809624733,0.0301677210633156,20.6693715680689,685.148590597492,0.026623728140625,100141599,51,112531133952.0,720427492.0,14890783520.0,21733655.625,0.8825236777
1141,3,631608758,False,0.0,0,0,0,0.0,0.0,0.0,0.0,0.0,100141599,744,2297828608.0,60242400.0,0.0,0.0,0.07379694
1142,1,631601133,False,0.178322553634644,13010,5490,5330,2.55201057226476e-05,0.000623844258882654,0.224353059970409,359.62991848677,3.2023423034668e-06,100141599,917,412969920.0,4190400.0,940129.0625,2614.15698242188,0.00513324
1143,1,631604647,False,0.0,0,0,0,0.0,0.0,0.0,0.0,0.0,100141599,515,17137127424.0,182888992.0,0.0,0.0,0.2240390152
1144,2,631599366,False,0.270605474710464,4520,3140,9010,0.000363740570565342,6.80313823977485e-05,0.0301840025931597,443.677642822266,4.56432990234375e-05,100141599,974,99495436288.0,547686016.0,16531356.0,37259.8359375,0.6709153696
1145,1,631605732,False,0.147003620862961,7630,2940,5610,9.19307511574029e-05,0.000398904754547402,0.088120311498642,220.905639648438,1.15357568115234e-05,100141599,158,1804590336.0,23607000.0,2080256.125,9416.9443359375,0.028918575
1146,1,631603571,False,0.177094891667366,5990,4910,1970,0.000435658373126106,0.00018006848404184,0.0483089722692966,268.281097412109,5.466776875e-05,100141599,583,6215811584.0,247832096.0,11972514.0,44626.75,0.3035943176
1147,2,631596962,False,0.00406814645975828,13110,5100,6480,1.09694449915266e-07,1.11913591745598e-06,0.00014117100215909,126.142857142857,1.37648010253906e-08,100141599,514,422627328.0,10040400.0,1417.41333007812,11.236572265625,0.01229949
1148,1,631603546,False,0.273538082838058,7210,3340,5490,6.09986513722166e-05,8.28372867545113e-05,0.0148426722735167,179.178634643555,7.65430064697265e-06,100141599,595,4787533312.0,75429904.0,1119581.375,6248.40869140625,0.0924016324
1149,2,631597679,False,0.628957331180573,10290,2150,8830,0.0609740241781246,0.0716226100921631,34.1315650939941,476.547332763672,0.00765121035,100141599,750,12910038016.0,87205504.0,2976460288.0,6245886.0,0.1068267424
1150,2,631600913,False,0.0,0,0,0,0.0,0.0,0.0,0.0,0.0,100141599,607344830,1132705280.0,9781200.0,0.0,0.0,0.01198197
1151,1,631596079,False,0.0113397827371955,12490,5030,3730,1.68982363609067e-06,3.74788965018524e-06,0.000337156612658873,89.9590530395508,2.12044329833984e-07,100141599,589508451,2195497984.0,46185300.0,15571.6787109375,173.097412109375,0.0565769925
1152,2,631596259,False,0.0,0,0,0,0.0,0.0,0.0,0.0,0.0,100141599,237,440939104.0,4190400.0,0.0,0.0,0.00513324
1153,3,631606193,False,0.572399318218231,9070,5550,6380,0.0212158572813671,0.00102186526194599,0.531466066563815,520.094073412102,0.00266223181105957,100141599,146,234494779392.0,2126748544.0,1130294683.25,2173250.45800781,2.6052669664
1154,3,631607000,False,0.383785784244537,10550,5380,1410,0.0180030809768829,3.80565279964834e-05,0.0107796155869345,283.252733615915,0.00225908263984375,100141599,512,7507813671424.0,48458153984.0,522360272.0,1844149.09375,59.3612386304
1155,2,631600339,False,0.64947235584259,3100,3830,6510,0.197459771354587,0.0725041478872299,37.3829078674316,515.596801757812,0.02477786675,100141599,1125,50372898816.0,278974784.0,10428889088.0,20226830.0,0.3417441104
1156,3,631606098,False,0.178507417440414,10190,4730,5860,3.66634030108525e-05,2.79877277043315e-05,0.0106691320473782,381.207512095633,4.60063793334961e-06,100141599,62,3415557248.0,134188200.0,1431671.625,3755.62280273438,0.164380545
1157,3,631606048,False,0.635286569595337,9540,2340,6480,0.117390302550189,0.0111823616830963,8.17602402972474,731.15360256,0.0147305005691895,100141599,26,200640397312.0,1075345152.0,8792047803.0,12024898.4238281,1.3172978112
1158,2,631596130,False,0.3365598320961,1870,2840,6210,0.000945219825303744,0.000220935670672007,0.0789722898785654,357.444724241948,0.000118609125900269,100141599,184,50265657108.0,438244200.0,34609148.0,96823.7762451172,0.536849145
1159,2,631605545,False,0.796867907047272,7380,1170,8480,0.0799496898916612,0.12440188229084,69.8532638549805,561.512939453125,0.01003233595,100141599,312782612,16136028160.0,65832300.0,4598601216.0,8189662.0,0.0806445675
1160,2,631597795,False,0.465493470430374,9750,2480,7480,0.00457814546066221,0.000522326445207,0.26240274310112,502.373077392578,0.00057447994296875,100141599,828,157965008896.0,897835520.0,235594496.0,468963.21875,1.099848512
1161,3,631608409,False,0.198499619960785,6870,6710,6870,8.45058162715861e-05,1.8382825724709e-05,0.00276533850065429,150.430545448587,1.06040528701782e-05,100141599,614,27902218240.0,470894400.0,1302182.4140625,8656.36968994141,0.57684564
1162,3,631606919,False,1.0,6470,3200,8530,5.70334437588727,0.0144375215894903,20.9237535086619,1449.26214509651,0.7156734053,100141599,477,5623869398592.0,40465614848.0,846692550656.0,584223188.0,49.5703781888
1163,1,631602657,False,0.15654744207859,10050,1370,5100,5.94086169142574e-05,1.17306772153825e-05,0.00336191174574196,286.591430664062,7.45477817382812e-06,100141599,842,50688987136.0,518770816.0,1744061.75,6085.533203125,0.6354942496
1164,3,631606196,False,0.319052159786224,5990,4190,5690,0.00255895151748147,0.00065525844648985,0.224867635775121,343.173959801226,0.000321105201757812,100141599,149,37103624192.0,400035584.0,89955056.0,262126.6953125,0.4900435904
1165,2,631596723,False,0.593978226184845,3130,4180,6760,0.0859324774048363,0.0314898788928986,15.540096282959,493.494964599609,0.01078307475,100141599,412,46075580416.0,279534592.0,4343994368.0,8802510.0,0.3424298752
1166,2,631596016,False,0.408529758453369,3920,3120,6540,0.00370917684536421,0.0395139418542385,13.811469078064,349.534088134766,0.00046543905625,100141599,132,982944768.0,9615600.0,132805560.0,379950.25,0.01177911
1167,1,631604631,False,0.035810112953186,8330,5920,5200,1.21715388603993e-05,1.08771655504825e-05,0.00156029558274895,143.446899414062,1.52732258300781e-06,100141599,525,11396595712.0,114624896.0,178848.71875,1246.7939453125,0.1404154976
1168,3,631606224,False,0.430285394191742,9610,6990,6430,0.00680373183007634,0.00138102037913226,0.225361881757848,163.185051548226,0.00085375344826889,100141599,190,1918079680.0,504656992.0,113730449.359375,696941.590423584,0.6182048152
1169,3,631608321,False,0.477499097585678,4020,4340,6030,0.00827489663354721,0.000653590710847233,0.212243072363179,324.73391809387,0.0010383597871582,100141599,589,143228190720.0,1296898240.0,275257667.0,847640.642578125,1.588700344
1170,1,631605940,False,0.272854804992676,3570,3540,5030,0.000629420819900898,0.000169695249279316,0.0616857708114663,363.509120458242,7.89816837029267e-05,100141599,44,43211546912.0,379944896.0,23437193.7756424,64474.8438391238,0.4654324976
1171,1,631602775,False,0.0,0,0,0,0.0,0.0,0.0,0.0,0.0,100141599,804,17257924608.0,108366304.0,0.0,0.0,0.1327487224
1172,1,631604552,False,0.00468876911327243,12520,6950,3650,6.80953993520675e-07,1.06042114111915e-06,0.000136794333229773,129.0,8.54482267379761e-08,100141599,553,177124608.0,65779200.0,8998.2216796875,69.7536544799805,0.08057952
1173,3,631606035,False,0.430986016988754,5410,2500,5840,0.00188390852290232,0.00170594792440175,0.499235155276209,292.643842250509,0.000236398705566406,100141599,19,13290955776.0,113121000.0,56473980.0,192978.53515625,0.138573225
1174,3,631608617,False,1.0,7210,1750,8360,37.0170434335531,0.0190624811158932,23.894876517434,1253.50296071962,4.64501383437986,100141599,688,27454981786157.1,198916814921.0,4753092729778.56,3791848028.06519,243.673098278225
1175,3,631608384,False,0.64048570394516,3420,3930,6550,0.0556508555402054,0.0265263153806004,10.340426540976,389.817673227932,0.0069832425796875,100141599,608,21711572992.0,214903808.0,2222197040.0,5700606.1875,0.2632571648
1176,2,631596840,False,0.0362444221973419,5300,4670,5770,4.60916803066194e-06,2.60606630035909e-05,0.00591058889403939,226.801177978516,5.78372751617432e-07,100141599,452,1496019456.0,18117000.0,107082.140625,472.141021728516,0.022193325
1177,2,631599517,False,0.837862491607666,7720,3130,9910,0.154708047395604,0.0163875479979434,6.40333933136595,390.744199935801,0.0194132473527344,100141599,1002,151184329216.0,967048204.0,6192337800.0,15847548.859375,1.1846340499
1178,3,631609407,False,0.335532605648041,8000,5130,9750,0.00262953577277764,0.000164462319081958,0.0526394410465079,320.069918388269,0.000329962333822632,100141599,952,134418898944.0,1637803776.0,86213075.3125,269357.007202148,2.0063096256
1179,1,631604894,False,0.306910306215286,8890,1270,2020,0.00149165682395746,0.00183394609484822,0.58750993013382,320.352874755859,0.00018717774140625,100141599,421,8577702912.0,83316600.0,48949328.0,152798.15625,0.102062835
1180,2,631598982,False,0.224957019090652,5970,4750,10560,0.000181967850779721,0.000123622012324631,0.0245672315359116,198.728637695312,2.28338923339844e-05,100141599,897,13690650624.0,150781504.0,3704284.25,18639.912109375,0.1847073424
1181,1,631604729,False,0.0,0,0,0,0.0,0.0,0.0,0.0,0.0,100141599,470,14293355520.0,87570000.0,0.0,0.0,0.10727325
1182,1,631603196,False,0.0,0,0,0,0.0,0.0,0.0,0.0,0.0,100141599,693,22866241536.0,247254304.0,0.0,0.0,0.3028865224
1183,3,631606180,False,0.590020835399628,8600,3690,7360,0.0714887384483423,0.00158199884443179,0.741971731803209,469.00902261386,0.00897062942617187,100141599,128,563802112000.0,4628930560.0,3434535624.0,7322962.796875,5.670439936
1184,1,631605853,False,0.290165334939957,6170,5090,1710,0.00110444648411128,0.000103264036917825,0.0296852092477616,287.468998247514,0.000138589382678223,100141599,111,77294150016.0,1095581708.0,32522572.25,113134.189941406,1.3420875923
1185,3,631606662,False,0.0,0,0,0,0.0,0.0,0.0,0.0,0.0,100141599,390,3051896704.0,42251400.0,0.0,0.0,0.051757965
1186,2,631596047,False,0.0124439327046275,12250,6760,7000,1.61344790709447e-06,1.67858870554483e-05,0.00260495604015887,155.187271118164,2.02460465621948e-07,100141599,143,1080078080.0,9846000.0,25648.396484375,165.273849487305,0.01206135
1187,3,631606070,False,0.980840444564819,4840,1810,5810,1.72738753002876,0.0627866133268789,51.0577634923918,813.19505523535,0.216757964171875,100141599,39,559431352704.0,2818200688.0,143891024202.0,176945276.875,3.4522958428
1188,2,631597619,False,0.0204872228205204,12840,4870,6460,4.20993326287826e-06,2.87677562482713e-06,0.000423825433244929,147.326553344727,5.2827553024292e-07,100141599,711,22985951232.0,149905792.0,63533.88671875,431.245330810547,0.1836345952
1189,3,631609516,False,0.0577083416283131,8180,4440,5700,1.52186087673307e-05,6.80389112602947e-05,0.0280397533846597,412.113493077347,1.9096783996582e-06,100141599,975,2767042560.0,22912200.0,642452.4375,1558.92114257812,0.028067445
1190,2,631599316,False,0.222794830799103,7560,5520,9750,0.000126420059029951,0.000308314658468589,0.133138567209244,431.826904296875,1.58635825195312e-05,100141599,964,3493110528.0,42002100.0,5592099.5,12949.86328125,0.0514525725
1191,1,631601007,False,0.251318365335464,6530,5400,5010,0.000251767093624258,1.00799938128597e-05,0.00342026492487041,339.312204785975,3.15925185928345e-05,100141599,290,281343254400.0,2558514576.0,8750797.6640625,25789.8110961914,3.1341803556
1192,3,631608347,False,0.477499097585678,4020,4340,6030,0.00673071778759919,0.00105902827874443,0.34541257733494,326.159918736502,0.000844591418945312,100141599,597,68943349760.0,651033024.0,224874994.75,689462.3828125,0.7975154544
1193,2,631596767,False,0.0174636095762253,13120,6420,7720,1.67516488849044e-06,2.2685682665724e-07,4.07917941629421e-05,179.812942504883,2.10204904556274e-07,100141599,429,109795418112.0,756405888.0,30855.15234375,171.595840454102,0.9265972128
1194,3,631606515,False,0.477760583162308,8400,2650,5830,0.00065197639083354,0.00266104569098791,2.35831759465124,886.237167079876,8.1812026953125e-05,100141599,336,4141770368.0,25097400.0,59187640.0,66785.328125,0.030744315
1195,3,631606741,False,0.741603374481201,8110,4240,7910,0.0151677666946882,0.009828675711477,8.1331517539265,827.492125356153,0.001903298578125,100141599,560581563,22479070208.0,158079600.0,1285685376.0,1553713.125,0.19364751
1196,1,631603482,False,0.143586114048958,10560,3170,4430,6.73615396091636e-05,2.78073675872292e-05,0.00622921949252486,224.013259887695,8.45273566894531e-06,100141599,616,26381391872.0,248142592.0,1545734.625,6900.1923828125,0.3039746752
1197,2,631598824,False,0.650147438049316,7670,2400,9380,0.0566856152579068,0.00622413819655776,2.56045651435852,411.375274658203,0.00711308745,100141599,862,130438848512.0,932916608.0,2388692480.0,5806602.0,1.1428228448
1198,2,631599251,False,0.0,0,0,0,0.0,0.0,0.0,0.0,0.0,100141599,951,127034687488.0,561608128.0,0.0,0.0,0.6879699568
1199,3,631610241,False,1.0,7970,1080,6980,7.96316879434958,0.0862885072107544,81.8104814382965,948.104030105416,0.999243207568763,100141599,254,2252991944030.75,9453272136.0,773376744613.394,815708740.872459,11.5802583666
1200,2,631596803,False,1.0,7850,1120,7010,0.0518354658097227,0.49943944811821,1960.37683105469,3925.15405273438,0.0065044756,100141599,441,22591289474.375,10631471.0,20841689088.0,5309776.0,0.013023551975
1201,3,631609374,False,0.0348400473594666,12450,3070,4960,2.12495685105974e-05,2.29596002589234e-06,0.000506829434338953,220.748370452125,2.6664620010376e-06,100141599,944,191045648384.0,948058176.0,480503.7890625,2176.70367431641,1.1613712656
1202,3,631609417,False,0.225317925214767,12600,7110,6720,9.34345384285964e-05,2.07356189189671e-05,0.00253747495039736,122.372761590266,1.17244567192078e-05,100141599,955,24609826816.0,461572192.0,1171227.875,9570.9850769043,0.5654259352
1203,2,631600989,False,1.0,7650,1230,7670,1.98531528976518,0.314018963614136,546.288707656652,1739.6678893824,0.249123542325,100141599,312782546,460808132608.0,647623808.0,353789573120.0,203366157.0,0.7933391648
1204,3,631609036,False,0.0122187379747629,12120,6550,4240,1.67856505893282e-06,8.56486321440828e-08,1.39892774804152e-05,163.333343804973,2.10631568527222e-07,100141599,852,190940938240.0,2007552640.0,28084.2109375,171.944137573242,2.459251984
1205,3,631606057,False,0.0,0,0,0,0.0,0.0,0.0,0.0,0.0,100141599,30,1854453248.0,45703800.0,0.0,0.0,0.055987155
1206,2,631597404,False,0.405440866947174,9610,6570,6230,0.00175352010120478,0.00258429837413132,0.768212258815765,297.261444091797,0.000220037160546875,100141599,642,4462238720.0,69505200.0,53394748.0,179622.171875,0.08514387
1207,2,631599585,False,0.902175962924957,5260,1560,6300,0.472431183820199,0.0898031815886497,64.7630767822266,721.166809082031,0.0592821355,100141599,1015,123137359872.0,538884928.0,34899845120.0,48393580.0,0.6601340368
1208,1,631603290,False,0.830202698707581,7970,1710,1950,1.62419623324332,0.0274513486760175,14.2778004084701,520.112894159684,0.203809199043823,100141599,669,931427676224.0,6060717028.0,86533708058.0,166374856.362305,7.4243783593
1209,1,631603382,False,0.0,0,0,0,0.0,0.0,0.0,0.0,0.0,100141599,642,3600893952.0,69505200.0,0.0,0.0,0.08514387
1210,2,631597440,False,0.0391485951840878,10730,5310,6020,5.25581681291243e-06,3.94435373891611e-05,0.0100590772926807,255.02473449707,6.59516253662109e-07,100141599,653,1519850624.0,13649400.0,137300.375,538.380615234375,0.016720515
1211,2,631596931,True,1.0,7990,650,7370,0.0484276331486482,0.999971866607666,7486.1806640625,7486.39111328125,0.00607685015,100141599,501,37138448384.0,4960833.5,37137694720.0,4960694.0,0.0060770210375
1212,3,631606096,False,0.141933470964432,7040,3730,5790,0.000152840993927226,9.8610545282041e-05,0.0356205070571967,361.224116095461,1.9178963671875e-05,100141599,59,17580458496.0,158768992.0,5655432.0,15656.296875,0.1944920152
1213,2,631597005,False,0.694861650466919,8070,2430,6220,0.0242338438707879,0.125980660319328,156.045486450195,1238.64636230469,0.0030409381625,100141599,531,5965404160.0,19704600.0,3074813952.0,2482398.5,0.024138135
1214,3,631606017,False,0.0570742525160313,9900,6160,7480,6.79388389762528e-06,6.99100849776994e-07,9.55252674925148e-05,136.640182204022,8.52517699050903e-07,100141599,7,123034456064.0,995468416.0,95092.38671875,695.932815551758,1.2194488096
1215,2,631599806,False,0.0,0,0,0,0.0,0.0,0.0,0.0,0.0,100141599,1051,40591.546875,1800.0,0.0,0.0,2.205e-06
1216,2,631597089,True,1.0,8000,830,7380,0.228655143501516,1.0,7369.71484375,7369.71484375,0.02869235915,100141599,565,172615925760.0,23422334.0,172615925760.0,23422334.0,0.02869235915
1217,3,631606232,False,0.0,0,0,0,0.0,0.0,0.0,0.0,0.0,100141599,203,5953178112.0,55166400.0,0.0,0.0,0.06757884
1218,3,631609568,False,0.729278028011322,6010,1520,6750,0.391638918620151,0.00392686191412092,2.49657858104746,635.76938421741,0.0491440705775879,100141599,985,925233226496.0,10216200496.0,25505547338.0,40117608.6347656,12.5148456076
1219,1,631602094,False,0.0496587790548801,6860,5310,1670,1.90372936261376e-05,4.6428365749307e-05,0.0115496339276433,248.762451171875,2.38885886230469e-06,100141599,964,3616480768.0,42002100.0,485108.875,1950.0888671875,0.0514525725
1220,2,631596555,False,1.0,8150,2400,6620,13.2959943129838,0.0252445761824351,50.4678317859955,1999.15543922304,1.66842275333272,100141599,343,9191455312360.0,53951302172.0,2722805242651.91,1361977757.82263,66.0903451607
1221,2,631596037,False,0.625321269035339,9820,3610,9660,0.0236578845968798,0.00376919889822602,1.39863169193268,371.068695068359,0.002968665,100141599,139,69826093056.0,642948288.0,899247872.0,2423400.0,0.7876116528
1222,3,631609470,False,0.189344614744186,5860,5740,8930,0.000208391500629527,2.43836071524413e-05,0.00642545940722835,263.515540053516,2.61496141670227e-05,100141599,966,77297815552.0,875449792.0,5625167.1015625,21346.6238098145,1.0724259952
1223,3,631606415,False,0.52248877286911,6990,5450,8990,0.000497574120150314,7.35857552619608e-05,0.024698228694826,335.638719843287,6.24371494140625e-05,100141599,303,89023225856.0,692649024.0,17107204.0,50969.1015625,0.8484950544
1224,3,631609624,False,1.0,6630,3570,8100,63.2155376938794,0.0142348520609392,20.9072291577534,1468.73526105153,7.9324824432,100141599,997,60541491825899.0,454904332288.0,9510789120000.0,6475495872.0,557.2578070528
1225,2,631597165,False,0.440022349357605,2430,3620,5970,0.0127129866039242,0.00912995915859938,3.69145965576172,404.323760986328,0.00159526513125,100141599,582,16976284672.0,142635600.0,526533568.0,1302257.25,0.17472861
1226,3,631609686,False,0.730230450630188,7680,2400,9380,0.208792958098829,0.0195617839190213,8.97340325719003,458.721111241014,0.0261999902999023,100141599,1011,166131533696.0,1093343392.0,9811011155.0,21387747.1835938,1.3393456552
1227,1,631601506,False,0.325982451438904,9220,3000,3240,0.00497646223664804,0.00123576214537024,0.46650418639183,377.503204345703,0.000624461971875,100141599,1084,53402087424.0,412510496.0,192437872.0,509764.875,0.5053253576
1228,3,631609931,False,0.552025377750397,5390,2010,6650,0.0117267567309463,0.0181380003074634,7.84248767126597,432.378847630682,0.00147150993691406,100141599,1085,5841480960.0,66227400.0,519387568.0,1201232.6015625,0.081128565
1229,1,631602984,False,0.322971314191818,10420,4450,2960,0.00443286924141342,0.000357934125954518,0.0551785922427508,154.158511976481,0.000556250230770683,100141599,752,32882996096.0,1268618408.0,70000577.8466797,454081.821037292,1.5540575498
1230,1,631605005,False,0.211897522211075,11000,7190,5690,0.000358534906936776,0.000365107412710431,0.0492701243995499,134.946929819325,4.49900761474609e-05,100141599,379,5523420832.0,100591200.0,4956140.9375,36726.5927734375,0.12322422
1231,2,631596103,False,0.00231197336688638,9740,3980,6150,2.97886267368551e-08,4.19454238453909e-07,0.000103745616797823,247.334777832031,3.73796960711479e-09,100141599,606826663,644046336.0,7274700.0,754.71826171875,3.05140376091003,0.0089115075
1232,1,631601956,False,0.932527005672455,7970,1130,4520,0.382151952021116,0.0123502883131663,10.6589121317361,863.049660174573,0.0479536164783048,100141599,991,244104323104.0,3169627168.0,33784777474.0757,39145809.3700447,3.8827932808
1233,1,631605680,False,0.236633703112602,3150,2890,4510,0.000241045461307165,5.63419632456696e-05,0.0271312073621446,481.545295889736,3.02471347960591e-05,100141599,184,48849211124.0,438244200.0,11890094.2654572,24691.5386090279,0.536849145
1234,1,631604592,False,0.0,0,0,0,0.0,0.0,0.0,0.0,0.0,100141599,536,71910340608.0,592649984.0,0.0,0.0,0.7259962304
1235,1,631605630,False,0.00342042720876634,12790,4940,5680,1.08520902522484e-07,4.68002070874718e-07,5.17218131790287e-06,11.0516204833984,1.36175406455994e-08,100141599,207,731249856.0,23752800.0,122.853790283203,11.1163597106934,0.02909718
1236,2,631595890,False,0.0656191036105156,11700,5120,7980,3.4567830270091e-05,1.2853409316449e-05,0.00209627486765385,163.090972900391,4.33767894287109e-06,100141599,96,38486679552.0,275488192.0,577499.0,3540.96240234375,0.3374730352
1237,2,631599146,False,0.134178638458252,10160,4060,7710,0.00031778758372647,1.07555150205143e-05,0.0018498204384625,171.988085641114,3.98769751953125e-05,100141599,928,521344942080.0,3026599168.0,5598665.0,32552.6328125,3.7075839808
1238,1,631602146,False,0.579108595848083,7870,3050,1510,0.0254268786583711,0.0194400958716869,8.01941013336182,412.519073486328,0.00319064388125,100141599,954,19713187840.0,133981200.0,1074450176.0,2604607.25,0.16412697
1239,3,631609935,False,0.580170452594757,7040,1120,8240,0.00643979782934692,0.00479853976040111,2.08581846978024,434.677750717624,0.000808085877026367,100141599,1086,21608592384.0,137471392.0,286740368.5,659661.940429688,0.1684024552
1240,1,631602532,False,0.0,0,0,0,0.0,0.0,0.0,0.0,0.0,100141599,874,2309688576.0,20143800.0,0.0,0.0,0.024676155
1241,3,631609063,False,1.0,7500,3530,8090,1.56899237996142,0.0267303014098286,56.5541546561228,2115.73202221088,0.196882047698909,100141599,864,1210112578816.0,6012653448.0,340040532991.862,160720038.937885,7.3655004738
1242,1,631602223,False,0.117551386356354,6060,1850,3140,3.83640375980527e-05,3.38515310431831e-05,0.0139490524306893,412.065612792969,4.81403885498047e-06,100141599,182305705,12594161664.0,116090096.0,1619346.875,3929.82763671875,0.1422103676
1243,3,631608605,False,0.662084102630615,6140,4730,6860,0.0911661751452472,0.0111725146473735,6.38169565229376,571.19599783152,0.0114398154335937,100141599,685,117154107392.0,835857024.0,5334185136.0,9338624.84375,1.0239248544
1244,1,631601103,False,0.00498316064476967,4860,3190,5120,2.16548559869408e-07,8.74620127433445e-08,1.78166810655966e-05,203.707656860352,2.71731873512268e-08,100141599,250,19801473024.0,253620896.0,4518.6826171875,22.1821937561035,0.3106855976
1245,1,631604865,False,0.0774345993995667,13070,6870,4010,2.4729514405531e-05,3.34895935338864e-06,0.000767670513596386,229.226577758789,3.1031364440918e-06,100141599,429,107795873792.0,756405888.0,580670.5,2533.17260742188,0.9265972128
1246,2,631599190,False,0.106272928416729,11140,5520,5930,4.63189775707647e-05,1.11338340764139e-05,0.00258911585978704,232.544857595091,5.81224948439598e-06,100141599,938,24042243072.0,426150904.0,1103354.06420898,4744.69345664978,0.5220348574
1247,3,631608924,False,0.453675270080566,3620,4250,6430,0.018370163866432,0.00414256375544031,1.3815974379634,333.512655333063,0.00230514534345703,100141599,814,54761463808.0,454248000.0,627587873.0,1881751.30078125,0.5564538
1248,2,631596881,False,0.508742690086365,6990,5100,7600,0.00178062656861738,0.00208289176225662,1.44737565517426,694.887634277344,0.000223438564453125,100141599,470,16202087424.0,87570000.0,126746688.0,182398.828125,0.10727325
1249,1,631603341,False,0.0,0,0,0,0.0,0.0,0.0,0.0,0.0,100141599,654,6557827072.0,246657600.0,0.0,0.0,0.30215556
1250,3,631609312,False,0.553332388401031,7690,4360,7530,0.0151885174883147,0.00251271049163341,1.41096024814181,561.529174506931,0.00190590245230103,100141599,932,29059699776.0,619187424.0,873648841.41333,1555838.73657227,0.7585045944
1251,3,631609851,False,0.307988047599792,11000,2780,2160,0.00293741877708836,5.87180810884114e-05,0.0192884064531316,328.491771113725,0.0003685964515625,100141599,1056,811005673472.0,5124402176.0,98841552.0,300895.0625,6.2773926656
1252,1,631604880,False,0.558144927024841,10000,2290,2730,0.041715486344224,0.0119524976352618,5.08331907451308,425.29345996409,0.00523458907583008,100141599,425,46526132992.0,357509708.0,1817335918.0,4273133.93945312,0.4379493923
1253,3,631606146,False,0.036081675440073,11230,6040,3080,2.97496150653995e-05,3.3291269438599e-06,0.000534315899486346,160.497304097044,3.73307430114746e-06,100141599,101,95892418560.0,915377408.0,489100.703125,3047.40759277344,1.1213373248
1254,1,631602250,False,0.0100062070414424,6130,2510,2880,2.53698207512137e-07,1.07912171642965e-06,0.000215899635804817,200.069778442383,3.18348407745361e-08,100141599,929,1639600896.0,24082200.0,5199.33837890625,25.9876251220703,0.029500695
1255,1,631605690,False,0.109466448426247,7300,3410,3030,6.46390627892155e-05,3.62645041604992e-05,0.00858575478196144,236.753677368164,8.11111080322265e-06,100141599,178,24477433856.0,182583904.0,1567620.625,6621.31494140625,0.2236652824
1256,2,631597409,False,0.645600974559784,8480,2040,10080,0.0664257246904581,0.102899961173534,55.0028800964355,534.527709960938,0.0083353067,100141599,643,13175318528.0,66125700.0,3637103872.0,6804332.0,0.0810039825
1257,2,631600834,False,0.0,0,0,0,0.0,0.0,0.0,0.0,0.0,100141599,549009227,1919690240.0,20026800.0,0.0,0.0,0.02453283
1258,2,631600045,False,0.438717305660248,5880,3930,6280,0.00430307541495129,0.00201501966247511,0.629632547444347,312.469679164792,0.000539963297412109,100141599,1083,11377151744.0,218750404.0,137732374.125,440786.365234375,0.2679692449
1259,2,631596136,False,0.389246821403503,4050,4110,8740,0.000168499140788178,7.03371115378104e-05,0.053983636200428,767.498596191406,2.11437966796875e-05,100141599,187,30939170816.0,245393104.0,13247212.0,17260.2421875,0.3006065524
1260,3,631606801,False,0.188824757933617,5400,4940,5930,0.00047577352263357,0.000200843641051616,0.0732498266518581,364.710708630468,5.9701542578125e-05,100141599,436,14490422272.0,242656192.0,17774524.0,48735.953125,0.2972538352
1261,3,631608810,True,0.00045046623563394,8290,1170,7200,2.57620800751443e-08,1.0,7595.4781732573,7595.4781732573,3.23270599842071e-09,100141599,768,20044.0390625,2.63894367218018,20044.0390625,2.63894367218018,3.23270599842071e-09
1262,2,631595885,False,0.421811103820801,4380,4780,8710,0.0195467344083176,0.000563647956337448,0.202711326006802,359.641729784684,0.00245278507740804,100141599,95,382854305328.0,3552347720.0,720101116.758438,2002273.53257799,4.351625957
1263,1,631602309,False,0.491535633802414,5250,1950,4990,0.0369051992752142,0.0120196491479874,5.23006105422974,435.125946044922,0.00463097928125,100141599,919,43492003840.0,314517600.0,1644946304.0,3780391.25,0.38528406
1264,2,631596587,False,0.512317478656769,5870,2590,8580,0.0181745495981195,0.00137033176267935,0.481281442626151,351.215271902566,0.00228059905617332,100141599,353,239485759232.0,1358585976.0,653862218.460938,1861713.51524353,1.6642678206
1265,1,631603179,False,0.918292701244354,7890,1030,4560,4.48093686245125,0.00480633419818632,2.77051239791779,576.429412453935,0.562281905480394,100141599,695,9749056676226.03,95500150052.0,264584349722.076,459005637.126852,116.9876838137
1266,1,631602867,False,0.0,0,0,0,0.0,0.0,0.0,0.0,0.0,100141599,781,1945706240.0,10564200.0,0.0,0.0,0.012941145
1267,2,631599247,False,0.334601402282715,4430,3130,9250,0.00066526100958529,0.000159616203745827,0.0754362642765045,472.610321044922,8.3479022265625e-05,100141599,950,75735318528.0,426937504.0,32206570.0,68146.140625,0.5229984424
1268,3,631610361,False,0.153724178671837,8540,5830,5830,0.000108414759139912,0.000180216589466598,0.032111706956387,178.183967699259,1.36042214435577e-05,100141599,607344838,10534723584.0,61623000.0,1978819.71777344,11105.4868927002,0.075488175
1269,2,631605962,False,0.0,0,0,0,0.0,0.0,0.0,0.0,0.0,100141599,576073699,1089389440.0,22557600.0,0.0,0.0,0.02763306
1270,2,631595774,False,0.30872654914856,9800,4010,10000,0.00376831698079245,0.000651286274660379,0.244983538985252,376.153381347656,0.00047286014453125,100141599,52,57878257664.0,592686016.0,145198320.0,386008.28125,0.7260403696
1271,1,631605165,False,0.0,0,0,0,0.0,0.0,0.0,0.0,0.0,100141599,338,171363360.0,9322200.0,0.0,0.0,0.011419695
1272,2,631600037,False,0.397647649049759,3720,3710,6480,0.00219865168940893,0.0462215878069401,17.5166645050049,378.971527099609,0.0002758936578125,100141599,1081,508279680.0,4872600.0,85351704.0,225219.3125,0.005968935
1273,1,631602803,False,0.251318365335464,6530,5400,5010,0.000248923445848149,3.14841672661714e-05,0.0107143223285675,340.308227539062,3.12356888183594e-05,100141599,797,128789841920.0,809883904.0,8677357.0,25498.521484375,0.9921077824
1274,1,631601307,False,0.830202698707581,7970,1710,1950,0.000875277100807866,0.0019129985012114,0.928246855735779,485.231353759766,0.000109832495117187,100141599,1114,7087950336.0,46868400.0,43505444.0,89659.1796875,0.05741379
1275,3,631606227,False,0.0,0,0,0,0.0,0.0,0.0,0.0,0.0,100141599,197,4242331392.0,50097600.0,0.0,0.0,0.06136956
1276,2,631597389,False,0.356185913085938,4250,4100,8840,0.00105628437856123,0.000547927629668266,0.261475771665573,477.208587646484,0.000132545851757812,100141599,638,21310572544.0,197472608.0,51634300.0,108200.6953125,0.2419039448
1277,2,631599082,False,0.742581963539124,8170,3510,8230,0.0235336816789731,0.0266817770898342,20.5318813323975,769.509521484375,0.00295307963125,100141599,916,5907823616.0,90349200.0,1855039104.0,2410677.25,0.11067777
1278,3,631608554,False,0.152934178709984,2080,2970,6970,8.14785253286141e-05,3.98680687140191e-05,0.0112599308708213,282.429804954708,1.02241789794922e-05,100141599,667,25460179968.0,209347200.0,2357235.0,8346.2685546875,0.25645032
1279,1,631603235,False,0.344875395298004,7070,5130,5080,0.00404194913187193,0.000990690547041595,0.385380625724792,389.002014160156,0.00050719635859375,100141599,685,52860887040.0,417928512.0,161061552.0,414037.84375,0.5119624272
1280,1,631596243,False,0.73750364780426,7940,1370,2800,0.0165295032664253,0.0154022322967649,6.62489032745361,430.125335693359,0.002074173521875,100141599,312782616,18018758656.0,109932304.0,728289472.0,1693202.875,0.1346670724
1281,1,631602972,False,0.163736134767532,5220,7040,3060,0.000242002911783402,1.44070500027738e-05,0.0024883127771318,172.714950561523,3.03672786621094e-05,100141599,754,162002436096.0,1720658688.0,4281537.0,24789.615234375,2.1078068928
1282,2,631600166,False,0.021387429907918,12740,6480,7130,8.03822934560888e-06,1.65565688803326e-06,0.000284237641608343,171.676651000977,1.00866203918457e-06,100141599,1098,58867326976.0,497323808.0,141358.140625,823.397583007812,0.6092216648
1283,1,631601871,False,0.479973614215851,5060,1750,5190,0.012470389318633,0.00237046298570931,1.15257155895233,486.222137451172,0.00156482326875,100141599,1015,81856389120.0,538884928.0,621103424.0,1277406.75,0.6601340368
1284,1,631602087,False,0.646628379821777,8180,300,4550,0.139177771167824,0.0472897216677666,23.099925994873,488.476715087891,0.01746445995,100141599,965,41637376000.0,301475712.0,6964066816.0,14256702.0,0.3693077472
1285,3,631610348,False,0.298449397087097,8960,5680,5880,0.000118429149641588,0.000217364971067358,0.0694089110273012,319.319670904069,1.48608583358765e-05,100141599,607344846,6514384128.0,55810800.0,3873766.8515625,12131.3129272461,0.06836823
1286,2,631600275,False,0.854383111000061,8470,1720,9550,0.0802536235180113,0.175401672720909,144.38786315918,823.18408203125,0.0100704744875,100141599,1114,15865446400.0,46868400.0,6767227904.0,8220795.5,0.05741379
1287,3,631606302,False,1.0,8450,1030,7370,0.610632425379163,0.501386104579536,1753.36885222144,3497.04316933916,0.076624057475,100141599,257,231827376128.0,124754656.0,218740928000.0,62550251.0,0.1528244536
1288,3,631608724,False,0.271649539470673,10990,2780,2160,0.00358152708354615,5.89042127186294e-05,0.0125335858020491,212.779107360604,0.000449421166796875,100141599,728,527861530624.0,6228322304.0,78063212.0,366874.421875,7.6296948224
1289,3,631606606,False,0.321826785802841,11190,5130,5480,0.00234183176686955,1.52403107450612e-05,0.00458519485171235,300.859669360628,0.000293860339614248,100141599,370,1605614734608.0,15740229680.0,72172020.0935059,239885.991521835,19.281781358
1290,2,631596583,False,0.374070733785629,5780,4330,6740,0.00229295506299621,0.000389313936466351,0.152433022856712,391.542663574219,0.000287727138671875,100141599,351,58977374208.0,603315904.0,91965264.0,234879.296875,0.7390619824
1291,3,631607018,False,0.852905750274658,7850,3670,10060,0.0401427993062041,0.016253630779618,5.90784928498554,363.47874300147,0.0050372434109375,100141599,520,32705935360.0,252991808.0,1494637472.0,4112035.4375,0.3099149648
1292,1,631601252,False,0.0,0,0,0,0.0,0.0,0.0,0.0,0.0,100141599,1126,725857088.0,16067700.0,0.0,0.0,0.0196829325
1293,1,631602133,False,0.566069662570953,9510,2930,1990,0.0154340167393847,0.00203516380861402,0.72435736656189,355.920928955078,0.0019367084625,100141599,956,47188336640.0,776835008.0,562706176.0,1580986.5,0.9516228848
1294,3,631608747,False,0.188824757933617,5400,4940,5930,0.000527638050034033,0.000216062428076822,0.0788419801575029,364.903703338325,6.62096649169922e-05,100141599,737,15084567968.0,250153192.0,19722573.0,54048.7060546875,0.3064376602
1295,1,631605296,False,0.0,0,0,0,0.0,0.0,0.0,0.0,0.0,100141599,311,34408841216.0,320056192.0,0.0,0.0,0.3920688352
1296,2,631599541,False,0.285540074110031,12190,2170,7330,0.000207616441414927,8.29707096272614e-06,0.00192080088891089,231.503479003906,2.60523573242187e-05,100141599,1007,419346546688.0,2563221504.0,4923438.0,21267.23046875,3.1399463424
1297,2,631596336,False,0.0103587675839663,5890,7160,7590,1.0316841963551e-06,2.10620578400267e-06,0.000147063474287279,69.8238830566406,1.29458944320679e-07,100141599,260,4686184448.0,50175900.0,7379.0419921875,105.680770874023,0.0614654775
1298,1,631605507,False,0.00468024797737598,9040,4680,4650,9.49121768905462e-08,1.56814081719858e-07,4.35983056377154e-05,278.025451660156,1.19098753929138e-08,100141599,246,8018524672.0,61999200.0,2703.06005859375,9.72234725952148,0.07594902
1299,3,631606216,False,1.0,7820,4200,8250,0.332147926534199,0.0931726087830322,194.395201552446,2086.39861104595,0.0416789557108032,100141599,178,123747041280.0,365167808.0,70986869636.625,34023637.3149414,0.4473305648
1300,3,631609457,False,0.00932216178625822,12070,6910,7580,8.10153990552902e-07,1.62123217857952e-06,0.000146944875145052,90.6377735937868,1.0166064453125e-07,100141599,963,427013040.0,51188400.0,7521.873046875,82.98828125,0.06270579
1301,3,631606260,False,0.785234868526459,7740,1250,8260,0.208162859145253,0.0969833347393501,74.9808642962673,773.131430237823,0.026120923521875,100141599,312782616,55571214336.0,219864608.0,16485638336.0,21323202.875,0.2693341448
1302,3,631606366,False,1.0,7590,1150,7790,0.568848636723314,0.289848307130212,569.425238850031,1964.56292771868,0.0713808976125,100141599,312782566,145375819776.0,201036608.0,114475318528.0,58270120.5,0.2462698448
1303,2,631599773,False,1.0,7800,1150,7830,0.449613440161013,0.863178074359894,3220.86083984375,3731.39770507812,0.056418894,100141599,1046,175188017152.0,53356592.0,171854151680.0,46056240.0,0.0653618252
1304,1,631603538,False,0.0941341370344162,4010,4000,5350,0.000115953266064218,3.64887637260836e-05,0.00817384850233793,224.010025024414,1.45501767578125e-05,100141599,597,32656881664.0,325516512.0,2660722.75,11877.6953125,0.3987577272
1305,1,631601985,False,0.991137623786926,7610,1580,5050,0.306274325776492,0.0935869887471199,104.398742675781,1115.52624511719,0.03843225575,100141599,986,71098433536.0,335231104.0,34997706752.0,31373270.0,0.4106581024
1306,2,631596856,False,0.99094694852829,7170,1530,8030,0.0269908504109734,0.182499527931213,237.052001953125,1298.91857910156,0.003386895925,100141599,461,5541229568.0,15149700.0,3591266816.0,2764813.0,0.0185583825
1307,2,631599848,False,0.0784358382225037,7040,4210,10010,7.56287520970394e-06,2.43698036683782e-06,0.000828673189971596,340.040985107422,9.49013122558594e-07,100141599,1058,44947517440.0,317895296.0,263431.3125,774.70458984375,0.3894217376
1308,3,631608397,False,0.109776578843594,7560,2740,6080,1.71531194368032e-05,4.08519476050015e-05,0.0229642132222535,562.132641613443,2.15242682008743e-06,100141599,611,2073407104.0,43011000.0,987713.774902344,1757.08311843872,0.052688475
1309,3,631608815,False,1.0,7760,1210,6620,1.133201361093,0.020726813583486,23.2268792243309,1120.6198739027,0.142197634148271,100141599,768,507412635027.961,5600460528.0,130081220284.488,116079701.345528,6.8605641468
1310,2,631599257,False,0.335532605648041,8000,5130,9750,0.00261156732971631,0.000326676992699504,0.104695290327072,320.485656738281,0.00032770759765625,100141599,952,78251261952.0,818901888.0,85735168.0,267516.40625,1.0031548128
1311,3,631606026,False,0.999244153499603,9470,1790,7000,0.899292182432649,0.0502353038240116,82.4254595012111,1640.78751847447,0.112845982312109,100141599,10,487734542336.0,1833753600.0,151147983092.0,92119169.234375,2.24634816
1312,2,631599886,False,1.0,7210,1750,8360,0.0983484933213345,0.152758970856667,487.560028076172,3191.69506835938,0.012341075075,100141599,1062,39789731840.0,65949300.0,32154243072.0,10074347.0,0.0807878925
1313,1,631604822,False,0.597769558429718,8510,280,4880,0.0503905961890643,0.0137662626802921,5.3449764251709,388.266326904297,0.0063231688625,100141599,442,35961610240.0,374958016.0,2004141696.0,5161770.5,0.4593235696
1314,3,631609398,False,0.334601402282715,4430,3130,9250,0.00066526100958529,7.98080983592859e-05,0.0377181316917054,472.610329867819,8.3479022265625e-05,100141599,950,75829542408.0,853875008.0,32206570.0,68146.140625,1.0459968848
1315,3,631607147,False,0.361760556697845,4830,5120,5880,0.00299906735824494,0.000822184023161173,0.251593809948958,306.006688115415,0.000376332307421875,100141599,564,48283850752.0,373651200.0,94008329.0,307210.046875,0.45772272
1316,3,631608806,False,0.854033470153809,5370,1450,6380,0.414785280929787,0.0104375421264032,7.09874683218959,680.116711982634,0.05204854816875,100141599,767,558420852736.0,4070748672.0,28897214240.0,42488610.75,4.9866671232
1317,2,631598840,False,1.0,7500,3530,8090,1.56264267295856,0.0532442479358242,113.025902653686,2122.78146533157,0.196085266699219,100141599,864,800021201408.0,3006326724.0,339792791652.0,160069605.46875,3.6827502369
1318,3,631609615,False,0.237975910305977,4530,4860,9760,0.000325318259652777,8.05723709609991e-05,0.0141078782413344,175.095731614542,4.08219478515625e-05,100141599,996,12019320832.0,413591392.0,5834897.0,33324.0390625,0.5066494552
1319,2,631597596,False,0.238705322146416,5430,2380,8920,0.000256453778569658,0.000102892205177341,0.0527677647769451,512.845092773438,3.21806184082031e-05,100141599,702,53588631552.0,255314704.0,13472386.0,26269.892578125,0.3127605124
1320,3,631606021,False,1.0,7210,1750,8360,56.2250265588758,0.0142499440388508,20.6147824888722,1446.65708389228,7.0552913463539,100141599,8,56849074393421.1,404171517553.0,8331907922552.48,5759421507.22767,495.110109002425
1321,2,631596169,False,0.0,0,0,0,0.0,0.0,0.0,0.0,0.0,100141599,203,2884087808.0,27583200.0,0.0,0.0,0.03378942
1322,1,631602904,False,0.52778160572052,6060,2200,5450,0.00494829381732539,0.00112352252472192,0.538902103900909,479.654022216797,0.0006209273109375,100141599,772,67527340032.0,451152000.0,243126768.0,506879.4375,0.5526612
1323,3,631606418,False,0.610181748867035,3760,2440,5860,0.0194509062391202,0.00526325646136409,2.71392533699721,515.636157371256,0.00244076026044922,100141599,304,42254995456.0,378559808.0,1027383054.5,1992457.35546875,0.4637357648
1324,3,631609697,False,0.902175962924957,5260,1560,6300,0.484901573138832,0.0460868212944341,32.9578233666984,715.124680787623,0.06084695876875,100141599,1015,204993748992.0,1077769856.0,35520948544.0,49670986.75,1.3202680736
1325,1,631602498,False,0.362965941429138,5480,2020,4600,0.0017816317773343,0.00220667035318911,0.75967538356781,344.26318359375,0.000223564701171875,100141599,882,4172327168.0,82704600.0,62828648.0,182501.796875,0.101313135
1326,2,631599014,False,0.0255265440791845,12720,4820,7080,7.82000293286029e-06,8.69510495249415e-06,0.00238282885402441,274.042572021484,9.81278309631347e-07,100141599,903,13427892224.0,92125800.0,219520.015625,801.043518066406,0.112854105
1327,2,631599648,False,0.476071566343307,8170,3610,10180,0.00952536451309845,0.00358592579141259,1.33234310150146,371.547882080078,0.0011952723890625,100141599,1023,37518139392.0,272100608.0,362531360.0,975732.5625,0.3333232448
1328,1,631605775,False,0.0309513658285141,5420,6610,5650,7.79428996317211e-06,8.67272517259966e-07,0.000132267167653362,152.509349738468,9.7805176615715e-07,100141599,141,82053895784.0,920598300.0,121764.9296875,798.409605026245,1.1277329175
1329,2,631597757,True,0.881347477436066,7980,410,7430,0.00164737311140729,1.0,6771.681640625,6771.681640625,0.000206717505859375,100141599,805,1142714368.0,168748.984375,1142714368.0,168748.984375,0.000206717505859375
1330,3,631606240,False,0.590041100978851,9940,2450,9510,0.105507721898955,0.0321108546525874,11.8450113244372,368.878731276084,0.0132394373617187,100141599,312782636,43004192768.0,336574784.0,3986732128.0,10807703.96875,0.4123041104
1331,2,631596620,False,0.658290207386017,6550,4890,6010,0.0672095910239766,0.0499424561858177,25.9493274688721,519.584533691406,0.0084336686875,100141599,366,21929904128.0,137851200.0,3577145856.0,6884627.5,0.16886772
1332,3,631609205,False,0.457971066236496,6410,4280,6360,0.0079814729104987,0.00381512213935972,1.89313903634517,496.219771528178,0.00100154006503906,100141599,907,30991059968.0,214300800.0,405701210.0,817583.7265625,0.26251848
1333,1,631604676,False,0.378960639238358,8510,640,4080,0.00361132198853625,0.00831891782581806,3.62855529785156,436.181182861328,0.00045315992421875,100141599,501,6467268096.0,44468100.0,161354960.0,369926.46875,0.0544734225
1334,3,631609044,False,1.0,6610,3520,7840,6.44538992258497,0.0578806972396896,133.434791434363,2305.34181165436,0.808787590292595,100141599,856,3034220614016.0,11406821256.0,1522066815223.42,660234767.585792,13.9733560386
1335,2,631599049,False,0.862860858440399,9860,4220,9470,0.363492354540848,0.0072601514840468,3.06485245339442,422.147176974065,0.0456121521040527,100141599,909,538380050432.0,5128599584.0,15718401017.5,37234409.8808594,6.2825344904
1336,3,631606459,False,0.60768735408783,5910,610,6430,0.0290309697794382,0.00248627472756216,0.928167913379718,373.31671479837,0.00364289645371094,100141599,320,45836545024.0,1196083840.0,1110166642.0,2973793.0234375,1.465202704
1337,3,631609367,False,0.0115457167848945,5960,5860,5740,2.77307241672879e-06,4.03266859449132e-07,5.91771656133307e-05,146.744430460186,3.4797375869751e-07,100141599,157,32703575744.0,704397608.0,41684.25390625,284.060211181641,0.8628870698
1338,2,631595853,False,1.0,6750,2600,8470,0.128679123610711,0.0079139843583107,13.7216730117798,1733.85144042969,0.016147056975,100141599,81,50659357184.0,1665566976.0,22854365184.0,13181271.0,2.0403195456
1339,1,631604701,False,0.289806753396988,2520,3900,5470,0.00109316371697364,0.000591293093748391,0.198484733700752,335.679077148438,0.0001371735859375,100141599,484,16618683392.0,189378896.0,37588820.0,111978.4375,0.2319891476
1340,1,631605907,False,0.000251411955105141,1970,3120,4300,6.59273196077389e-09,5.85033665956303e-09,9.89876980383997e-07,169.199996948242,8.27276527881622e-10,100141599,68,9094933504.0,115434000.0,114.26545715332,0.675327777862549,0.14140665
1341,3,631606853,False,0.256709635257721,5900,1060,8350,0.00124599807560812,0.000308415490488675,0.0805327174195616,261.117615369967,0.000156351716992187,100141599,450,12866880768.0,413838016.0,33327500.0,127634.0546875,0.5069515696
1342,3,631606900,True,0.834749817848206,8230,1140,7200,0.000731896356444131,1.0,6624.726168299,6624.726168299,9.18406330078125e-05,100141599,469,496668608.0,74971.9453125,496668608.0,74971.9453125,9.18406330078125e-05
1343,3,631609209,False,0.0138456467539072,5430,5140,5680,5.22514407585247e-06,2.80449319184522e-06,0.00050761682972632,181.001270105538,6.55667343139648e-07,100141599,908,10519427072.0,190850400.0,96878.875,535.238647460938,0.23379174
1344,1,631605880,False,0.126274794340134,9380,5550,3710,5.97418258716687e-05,0.000228367032832466,0.028388399630785,124.310409545898,7.49659027099609e-06,100141599,93,238443872.0,26797500.0,760738.125,6119.66552734375,0.0328269375
1345,2,631599509,False,0.392104059457779,9130,5050,6850,0.000740738913305364,0.000137229506905964,0.0514758169222924,375.107497526505,9.29502245673179e-05,100141599,1000,24756050415.5469,552925796.0,28462307.0465088,75877.7343406677,0.6773341001
1346,1,631602994,False,0.259306043386459,10200,2250,2840,0.00095752559656537,0.00112474919296801,0.413414180278778,367.561218261719,0.000120153292382812,100141599,750,7925965824.0,87205504.0,36051992.0,98084.3203125,0.1068267424
1347,2,631597341,False,0.0115457167848945,5960,5860,5740,2.77307241672879e-06,8.06533718898264e-07,0.000118354331226661,146.744430460186,3.4797375869751e-07,100141599,157,17398395008.0,352198804.0,41684.25390625,284.060211181641,0.4314435349
1348,2,631596991,False,0.66280472278595,8040,1850,10100,0.04323377858701,0.0499825701117516,22.1167850494385,442.489959716797,0.0054251091125,100141599,527,11535441920.0,88604096.0,1959637760.0,4428660.5,0.1085400176
1349,1,631605085,False,0.0,0,0,0,0.0,0.0,0.0,0.0,0.0,100141599,356,504213376.0,5605200.0,0.0,0.0,0.00686637
1350,3,631606139,False,0.542664706707001,8550,1850,9970,0.0434488279672517,0.00941216898022703,3.87238455810242,411.423186965457,0.005452094178125,100141599,97,40767539200.0,472865408.0,1831116704.0,4450689.125,0.5792601248
1351,1,631604803,False,0.424161404371262,2890,4100,4580,0.00635097151811501,0.00385089567862451,1.77843677997589,461.824188232422,0.000796939675,100141599,448,22005442560.0,168938096.0,300445728.0,650563.0,0.2069491676
1352,1,631605127,False,0.252390623092651,10350,4500,5690,0.000194196826690478,2.42518591843026e-05,0.00692648195438232,285.606225145229,2.43684222968576e-05,100141599,348,98412714112.0,820250088.0,5681447.43261251,19892.5896300878,1.0048063578
1353,3,631609185,False,0.222337931394577,12580,4890,4650,4.38915731047327e-05,2.44016432371932e-05,0.0297446291680778,1218.96008719367,5.50765121612549e-06,100141599,903,24719105024.0,184251600.0,5480495.515625,4496.04180908203,0.22570821
1354,3,631606217,False,0.067867174744606,4370,4230,1660,2.67637154551395e-05,7.57849900280845e-06,0.00110419444239302,145.700941833445,3.35839432373047e-06,100141599,180,18092853888.0,361753216.0,399445.890625,2741.54638671875,0.4431476896
1355,3,631606560,False,0.0,0,0,0,0.0,0.0,0.0,0.0,0.0,100141599,350,2723746432.0,24060600.0,0.0,0.0,0.029474235
1356,3,631607066,False,0.0278873108327389,10030,4830,7370,5.90557559071606e-06,2.58919184103014e-06,0.00057809249807396,223.271404193812,7.41050007629394e-07,100141599,534,37392332800.0,233640000.0,135065.53125,604.938781738281,0.286209
1357,1,631605422,False,0.0,0,0,0,0.0,0.0,0.0,0.0,0.0,100141599,271,7958381568.0,44185500.0,0.0,0.0,0.0541272375
1358,3,631606530,False,0.205655008554459,6970,5020,8310,0.000226834308431686,8.52878019544228e-06,0.00267716216460971,313.897427681437,2.84638750976562e-05,100141599,342,329636986880.0,2724400896.0,7293663.0,23235.81640625,3.3373910976
1359,3,631606615,False,0.257522076368332,8260,4690,7530,0.000571839596058896,0.000330729907719826,0.135348659159586,409.242272925149,7.17562125e-05,100141599,374,23994683392.0,177112800.0,23971980.0,58576.5,0.21696318
1360,2,631596262,False,0.151213571429253,10220,4900,5850,0.000565253724805215,0.00132418272551149,0.31629404425621,238.859832763672,7.0929796875e-05,100141599,238,3199983616.0,43726500.0,13830432.0,57901.875,0.0535649625
1361,2,631600366,False,0.484517991542816,6180,1340,7120,0.00795718827292808,0.00326211983337998,1.66733431816101,511.119873046875,0.000998492753125,100141599,1128,39499907072.0,249867008.0,416611840.0,815096.125,0.3060870848
1362,1,631605470,False,0.351561576128006,6320,3890,4740,0.0018763951978852,0.00102773529943079,0.442040294408798,430.111022949219,0.00023545591015625,100141599,255,26348224512.0,187021792.0,82671168.0,192208.90625,0.2291016952
1363,2,631599350,False,1.0,7750,1250,6660,0.325825945882802,0.0543208159506321,70.7180404663086,1301.85888671875,0.0408856539,100141599,971,103630397440.0,614424576.0,43450900480.0,33376044.0,0.7526701056
1364,3,631610024,False,0.854383111000061,8470,1720,9550,0.0811289006188192,0.0886573328691346,72.6580526324773,819.537992866608,0.0101803069826172,100141599,1114,22953396736.0,93736800.0,6810733348.0,8310454.6796875,0.11482758
1365,3,631609702,False,0.160530731081963,560,5610,5920,0.000337467404400163,9.40782548968895e-06,0.0014287724709734,151.870639239572,4.23464603515625e-05,100141599,1016,133526409216.0,3674445184.0,5249946.125,34568.5390625,4.5011953504
1366,1,631596160,False,0.460851699113846,9050,2690,1800,0.0246596106240544,0.0311400052160025,12.9144697189331,414.722778320312,0.0030943647,100141599,312782648,12001131520.0,81117904.0,1047594752.0,2526012.0,0.0993694324
1367,1,631601941,False,0.998610615730286,7980,1210,4590,6.41134084777811,0.00288680964149535,1.7700959444046,613.166870117188,0.8045150064,100141599,997,23924686780637.4,227499229184.0,402695454720.0,656746944.0,278.6865557504
1368,2,631595917,False,0.421811103820801,4380,4780,8710,0.00996790323181195,0.00060919316343724,0.217152550616107,356.459270473213,0.00125080352499351,100141599,104,166968142336.0,1676092516.0,363967764.917969,1021064.10203552,2.0532133321
1369,2,631596527,False,0.0,0,0,0,0.0,0.0,0.0,0.0,0.0,100141599,334,32612206592.0,322994688.0,0.0,0.0,0.3956684928
1370,3,631607225,False,0.440022349357605,2430,3620,5970,0.0142025250153384,0.00509984325880075,2.06854566461669,405.609654972635,0.00178217704765625,100141599,582,32077348864.0,285271200.0,590096504.0,1454838.40625,0.34945722
1371,1,631602934,False,0.0,0,0,0,0.0,0.0,0.0,0.0,0.0,100141599,765,3349373440.0,25673400.0,0.0,0.0,0.031449915
1372,2,631596826,False,0.00934911333024502,5750,3380,5900,9.7025880497231e-07,3.41344684784417e-06,0.000577338389120996,169.136474609375,1.2175109500885e-07,100141599,449,1490259968.0,29116800.0,16810.24609375,99.3886489868164,0.03566808
1373,1,631603097,False,0.411219924688339,12390,4960,4610,0.0005572182327562,0.000305828333023248,0.127429019921238,416.668457959883,6.99214783203125e-05,100141599,720,22678419200.0,186636592.0,23782918.0,57078.7578125,0.2286298252
1374,2,631595660,False,0.0,0,0,0,0.0,0.0,0.0,0.0,0.0,100141599,23,26333700096.0,222466496.0,0.0,0.0,0.2725214576
1375,3,631608998,False,0.351035982370377,9630,6940,5730,0.00412597783091214,0.0015682597114649,0.229128164442732,146.103456441348,0.000517740541308594,100141599,841,4265285888.0,269499584.0,61749945.0,422645.33984375,0.3301369904
1376,2,631596266,False,1.0,6990,3180,7330,2.53684990220633,0.267502783079236,657.655629681124,2458.50014011377,0.318331822276562,100141599,239,780985594368.0,971439284.0,638872514016.0,259862712.0625,1.1900131229
1377,1,631602743,False,0.230330973863602,8600,2810,1050,0.000228525488203399,0.000221431924728677,0.0955303311347961,431.420776367188,2.86760895996094e-05,100141599,816,19027873792.0,105716704.0,10099152.0,23409.052734375,0.1295029624
1378,3,631610036,False,0.661182463169098,6270,4650,5520,0.0179047746150774,0.0469857425297427,18.3218977937635,389.945902890977,0.0022467468515625,100141599,1120,5221736960.0,39034800.0,715191616.0,1834079.0625,0.04781763
1379,2,631599394,False,0.0146291879937053,8440,5970,5860,6.1834648952122e-07,1.83138433840213e-06,0.000329589209286496,179.967239379883,7.75920422554016e-08,100141599,606826659,6039273472.0,34586100.0,11399.205078125,63.3404426574707,0.0423679725
1380,2,631597658,False,0.0,0,0,0,0.0,0.0,0.0,0.0,0.0,100141599,732,4172764672.0,34631100.0,0.0,0.0,0.0424230975
1381,3,631608422,False,0.0425497926771641,5840,7240,3700,1.20156033735273e-05,4.28063877831698e-06,0.000437863490156851,102.289287378041,1.50775531272888e-06,100141599,619,34948912640.0,287532008.0,125899.768554688,1230.82066345215,0.3522267098
1382,3,631608371,False,0.380553305149078,10370,4820,5840,0.00234446712860349,0.00246548959841182,1.19873586087242,486.206010215823,0.000294191033007812,100141599,604,12637257728.0,97407000.0,116765264.0,240155.9453125,0.119323575
1383,2,631596210,False,1.0,7050,2890,7000,1.78547337814901,0.338501542806625,897.461120605469,2651.27661132812,0.2240467572,100141599,218,573124902912.0,540308672.0,484906041344.0,182895312.0,0.6618781232
1384,2,631597483,False,0.520718455314636,9990,2840,9340,0.0104331524891254,0.00241564610041678,1.01843786239624,421.6005859375,0.00130918445,100141599,664,53893091328.0,442416608.0,450573824.0,1068722.0,0.5419603448
1385,2,631597729,False,0.800672829151154,9060,3050,9740,0.0182405362916358,0.046259518712759,15.8263492584229,342.120910644531,0.002288879271875,100141599,786,4194343168.0,40391100.0,639243648.0,1868472.875,0.0494790975
1386,2,631599156,False,0.513366222381592,7650,3820,6260,0.0243609510639556,0.0114103779196739,6.35924053192139,557.320739746094,0.00305688796875,100141599,930,29781493760.0,218697296.0,1390748672.0,2495418.75,0.2679041876
1387,2,631599434,False,1.0,7600,1340,6590,0.457493856724068,0.139794528484344,337.224731445312,2412.28857421875,0.0574077532,100141599,986,153497780224.0,335231104.0,113048223744.0,46863472.0,0.4106581024
1388,1,631601339,False,0.40137442946434,4440,2940,4050,0.00421145142214825,0.00115590530913323,0.408957153558731,353.798126220703,0.00052846603359375,100141599,1108,17621743616.0,373214688.0,152628816.0,431400.84375,0.4571879928
1389,3,631609871,False,1.0,7210,1750,8360,0.104285244410771,0.0809900882192836,245.29861575483,3028.74859316951,0.01308603708125,100141599,1062,46196198400.0,131898600.0,32354544000.0,10682479.25,0.161575785
1390,1,631596438,False,0.666369676589966,7150,1220,4120,0.114701484072565,0.0181424287311717,7.62565520136036,420.321629168548,0.0143930992570312,100141599,312782546,87675816576.0,647623808.0,4938555860.0,11749468.78125,0.7933391648
1391,2,631597492,False,0.152934178709984,2080,2970,6970,8.14785253286141e-05,7.97361353761517e-05,0.0225198622792959,282.429809570312,1.02241789794922e-05,100141599,667,12822249472.0,104673600.0,2357235.0,8346.2685546875,0.12822516
1392,2,631597000,False,0.270113497972488,6160,2290,6060,0.000869734953476117,0.0052752741612494,1.41890072822571,268.971923828125,0.00010913704921875,100141599,530,1008124928.0,16888500.0,23963104.0,89091.46875,0.0206884125
1393,3,631606466,False,1.0,7210,1750,8360,1.52116174418805,0.00712423626017009,5.89108530741921,826.907628029529,0.190880110637855,100141599,322,2527660143848.0,21871888128.0,128849158796.377,155820498.479881,26.7930629568
1394,2,631600392,False,0.0,0,0,0,0.0,0.0,0.0,0.0,0.0,100141599,1139,3569423360.0,26278200.0,0.0,0.0,0.032190795
1395,2,631597583,False,0.553332388401031,7690,4360,7530,0.0151884077938648,0.00519382487982512,2.91650056838989,561.532348632812,0.0019058886875,100141599,697,18053134336.0,299553312.0,873647424.0,1555827.5,0.3669528072
1396,3,631609278,False,0.33628922700882,6310,940,8340,0.00221328273871368,0.00151533289805235,0.427332023313015,282.00537575754,0.000277729607421875,100141599,182305693,5334183488.0,149616000.0,63935708.0,226718.046875,0.1832796
1397,3,631610277,False,0.163857445120811,4800,5110,5890,3.30739138608253e-05,6.1991875833397e-06,0.00193399503157748,311.975562213198,4.15021766166687e-06,100141599,266,51119587328.0,546512384.0,1056952.23535156,3387.93278503418,0.6694776704
1398,3,631608566,False,0.608005225658417,6930,890,8340,0.0275634257618496,0.00740366154227313,3.24028239959173,437.65944473427,0.00345874446230469,100141599,670,43801612288.0,381360608.0,1235716066.0,2823464.8671875,0.4671667448
1399,2,631596002,False,0.590020835399628,8600,3690,7360,0.0707668693920543,0.00313204876147211,1.47236716747284,470.097137451172,0.00888004705,100141599,128,279545544704.0,2314465280.0,3407742720.0,7249018.0,2.835219968
1400,1,631602938,False,0.0,0,0,0,0.0,0.0,0.0,0.0,0.0,100141599,763,102204616.0,3898800.0,0.0,0.0,0.00477603
1401,2,631599797,False,0.0264808535575867,10780,5790,9080,1.91516868833969e-05,3.26006215800589e-06,0.000487722834805027,149.605377197266,2.40321328430176e-06,100141599,1049,76862488576.0,601769728.0,293496.84375,1961.80676269531,0.7371679168
1402,3,631606164,False,0.0,0,0,0,0.0,0.0,0.0,0.0,0.0,100141599,114,34051487744.0,303744608.0,0.0,0.0,0.3720871448
1403,2,631600113,False,0.970939576625824,6190,3920,7270,0.0306837340280665,0.0631329789757729,73.5780792236328,1165.44592285156,0.00385029045625,100141599,1092,11357847552.0,49785300.0,3663106560.0,3143094.25,0.0609869925
1404,2,631596848,False,0.464429765939713,8310,2520,9550,0.00518241562201768,0.0668835937976837,29.0487232208252,434.317657470703,0.00065030564375,100141599,456,985949824.0,7937100.0,230562624.0,530861.75,0.0097229475
1405,2,631597280,False,0.28138679265976,9590,4280,7590,0.000960364815450407,0.000302039639791474,0.158361703157425,524.307678222656,0.00012050956640625,100141599,612,36698181632.0,325702784.0,51578848.0,98375.15625,0.3989859104
1406,2,631597521,False,0.2581447660923,4550,5100,8590,0.00175372861718596,0.00237725605256855,0.682177186012268,286.959899902344,0.00022006332578125,100141599,675,8804566016.0,75567600.0,51550492.0,179643.53125,0.09257031
1407,2,631599529,False,0.571473836898804,8040,3130,9780,0.0146304086557935,0.0602826438844204,19.8485374450684,329.257904052734,0.00183586921875,100141599,1005,2786083328.0,24860700.0,493448512.0,1498668.75,0.0304543575
1408,1,631603091,False,0.433439284563065,7860,1060,2930,0.0110873490336577,0.00246556894853711,1.27484750747681,517.060180664062,0.00139127506875,100141599,721,81809850368.0,460638016.0,587243200.0,1135734.75,0.5642815696
1409,3,631609120,False,0.997395634651184,7980,1230,6320,2.00650724942005,0.0525340868454659,45.7325284316721,870.530567442786,0.2517827753875,100141599,886,832616841216.0,3912449456.0,178926205984.0,205536959.5,4.7927505836
1410,3,631606191,False,0.0124439327046275,12250,6760,7000,1.61344790709447e-06,8.39294380902421e-06,0.00130247798519069,155.187263828723,2.02460465621948e-07,100141599,143,2188934912.0,19692000.0,25648.396484375,165.273849487305,0.0241227
1411,1,631603308,False,0.0354832783341408,7550,7080,3070,2.18865655516912e-05,3.84618806492654e-06,0.000612464034929872,159.239227294922,2.74639437255859e-06,100141599,663,47764393984.0,582902976.0,357007.125,2241.95458984375,0.7140561456
1412,3,631606957,False,0.0267690047621727,8440,6000,5740,1.82362798094348e-06,3.84272951043094e-07,6.02599688821653e-05,156.815536244724,2.2883451552391e-07,100141599,491,52875269120.0,486122392.0,29293.7202148438,186.803686141968,0.5954999302
1413,3,631608316,False,0.406072288751602,8080,4160,5930,0.00139044705443638,0.00171325021371541,0.987693286986918,576.5026492219,0.000174477624487305,100141599,587,12388311040.0,83134800.0,82111683.875,142430.713867188,0.10184013
1414,3,631607112,False,0.0609694011509418,10020,2070,8190,5.35679752540687e-07,0.0304846996731228,7.96744086371528,261.358679899998,6.72187627792358e-08,100141599,545,258431.5,1800.0,14341.3935546875,54.8724594116211,2.205e-06
1415,1,631602811,False,0.254381656646729,7950,4020,5550,0.00211749046644873,0.000102691454230808,0.0361238308250904,351.770538330078,0.000265709294921875,100141599,795,236433334272.0,2112206336.0,76300984.0,216905.546875,2.5874527616
1416,3,631609675,False,1.0,7670,1320,7850,6.69124652140837,0.0162546011483316,27.1247842063922,1668.74498850292,0.8396384416,100141599,1009,3496099374329.42,42167699456.0,1143789748224.0,685419136.0,51.6554318336
1417,3,631608414,False,0.372931927442551,10000,3750,7340,0.00184099862813144,0.000379989284060135,0.179343219371626,471.969149906987,0.00023101423840332,100141599,616,57761421312.0,496285184.0,89005382.625,188583.051757812,0.6079493504
1418,1,631596303,False,0.47208833694458,9160,2580,2040,0.00391087205068203,0.0551714524626732,19.79270362854,358.7490234375,0.0004907483984375,100141599,312782598,851238336.0,7261200.0,143718784.0,400610.9375,0.00889497
1419,1,631602576,False,0.344875395298004,7070,5130,5080,0.00634970700286584,0.000216354883832994,0.0824066585592184,380.886518941854,0.000796780999690431,100141599,864,410091377408.0,3006326724.0,247741339.862122,650433.469135046,3.6827502369
1420,3,631608911,False,0.374070733785629,5780,4330,6740,0.00230748725762948,0.000194763948067126,0.0760160122483152,390.298168643182,0.000289550683689365,100141599,809,119499075072.0,1213612208.0,92253960.4680328,236367.905052543,1.4866749548
1421,3,631608667,False,0.238705322146416,5430,2380,8920,0.000261691680807171,5.24968552346902e-05,0.0268052723044988,510.607200844017,3.28378866851807e-05,100141599,702,65892363264.0,510629408.0,13687560.328125,26806.4381103516,0.6255210248
1422,1,631603392,False,0.129418268799782,5870,4740,1930,0.000210479570234164,0.000109182314190548,0.029679499566555,271.834320068359,2.6411631640625e-05,100141599,638,1557322496.0,197472608.0,5860888.0,21560.515625,0.2419039448
1423,3,631606209,False,0.38571161031723,10240,4270,5720,0.00130312499170909,0.000202205349428165,0.0716008151654629,354.099510067114,0.000163520180245629,100141599,165,85181947840.0,660150000.0,47267278.1314803,133485.861425003,0.80868375
1424,2,631597134,False,0.700050413608551,6590,3370,6490,0.12928119207516,0.0815345793962479,62.6403503417969,768.267333984375,0.0162226064,100141599,575,34390855680.0,162421200.0,10174120960.0,13242944.0,0.19896597
1425,2,631596514,False,0.819244980812073,7830,1020,6740,0.0239154840502631,0.175555363297462,147.929931640625,842.639831542969,0.00300098938125,100141599,330,4304773632.0,13954500.0,2064288256.0,2449787.25,0.0170942625
1426,1,631602473,False,0.174642100930214,6080,2490,2850,0.000117997832375373,3.33747811964713e-05,0.0100176278501749,300.155609130859,1.48067353027344e-05,100141599,889,21584173056.0,362163584.0,3628020.0,12087.130859375,0.4436503904
1427,1,631605097,False,0.411219924688339,12390,4960,4610,0.00443209458297682,3.2581461709924e-05,0.00773863214999437,237.516418457031,0.00055615302421875,100141599,354,1352999637392.0,13934380032.0,107833040.0,454002.46875,17.0696155392
1428,3,631606215,False,0.0,0,0,0,0.0,0.0,0.0,0.0,0.0,100141599,177,4823520256.0,26992800.0,0.0,0.0,0.03306618
1429,3,631608751,False,0.292506545782089,7370,4530,6660,0.000795700070673971,0.000420723527260298,0.182621886480281,434.066256454667,9.9846921673584e-05,100141599,741,22255882240.0,193732192.0,35379738.375,81507.6911621094,0.2373219352
1430,3,631609218,False,0.672641932964325,3520,3640,6540,0.0288021538446418,0.0175573683221575,6.65235119090126,378.892272967012,0.00361418391796875,100141599,910,18433953792.0,168040800.0,1117866416.0,2950354.21875,0.20584998
1431,2,631601030,False,0.991644442081451,8910,2180,9350,0.378919900058448,0.175284326994333,142.956210924287,815.567560292537,0.0475480485375,100141599,312782574,69368360448.0,221438700.0,31656037504.0,38814733.5,0.2712624075
1432,3,631606203,False,0.27103516459465,7950,3290,6070,0.000615842865045686,0.00133612876262205,0.475398952111662,355.803246970545,7.72778796630859e-05,100141599,158,3583340416.0,47214000.0,22445486.125,63083.9833984375,0.05783715
1433,2,631596896,False,0.579428672790527,9030,3580,8040,0.00143469092905289,0.00132489553652704,0.480819821357727,362.911499023438,0.00018002948359375,100141599,482,6026668032.0,110924096.0,53334504.0,146962.84375,0.1358820176
1434,2,631596719,False,1.0,8490,1930,9220,0.960084638307579,0.178315443313496,166.860902574751,935.762486266504,0.12047440890625,100141599,409,187752429568.0,551530784.0,92028924416.0,98346456.25,0.6756252104
1435,1,631605436,False,0.0,0,0,0,0.0,0.0,0.0,0.0,0.0,100141599,268,9123479552.0,67311904.0,0.0,0.0,0.0824570824
1436,2,631595871,False,0.0,0,0,0,0.0,0.0,0.0,0.0,0.0,100141599,88,35218268160.0,319767296.0,0.0,0.0,0.3917149376
1437,2,631597154,False,0.47037860751152,9210,3100,7690,0.00208412501128477,0.005395642016083,2.28969144821167,424.359405517578,0.00026152249375,100141599,580,4391987712.0,39566700.0,90595536.0,213487.75,0.0484692075
1438,2,631595591,False,0.0570742525160313,9900,6160,7480,5.04835606730707e-06,1.03896684322535e-06,0.000145381563925184,139.928970336914,6.33483433532715e-07,100141599,7,57331822592.0,497734208.0,72361.375,517.129333496094,0.6097244048
1439,2,631598933,False,0.512317478656769,5870,2590,8580,0.00898994123404678,0.00254273600876331,1.00522911548615,395.333648681641,0.001128085809375,100141599,889,55657893888.0,362163584.0,364057376.0,920886.375,0.4436503904
1440,2,631597593,False,0.0860682353377342,10980,4630,6120,3.16560173141234e-05,2.24662651884214e-06,0.000799335883603613,355.793843302255,3.97229558944702e-06,100141599,701,199983813632.0,1443359744.0,1153729.23632812,3242.69027709961,1.7681156864
1441,1,631602212,False,0.932527005672455,7970,1130,4520,0.358194235219855,0.0644183233380318,57.9324989318848,899.317077636719,0.0449473276,100141599,940,91370921984.0,569584768.0,32997468160.0,36691696.0,0.6977413408
1442,2,631605564,False,0.785234868526459,7740,1250,8260,0.191633355878827,0.178564444184303,143.336837768555,802.717712402344,0.02404675,100141599,312782616,37552455680.0,109932304.0,15757348864.0,19630000.0,0.1346670724
1443,1,631604834,False,0.301553934812546,3480,3650,4220,0.00133996777786486,0.00063429941656068,0.239637553691864,377.798797607422,0.000168143327734375,100141599,440,23740332032.0,216396000.0,51856608.0,137259.859375,0.2650851
1444,3,631606858,False,0.0,0,0,0,0.0,0.0,0.0,0.0,0.0,100141599,451,39131056128.0,377492416.0,0.0,0.0,0.4624282096
1445,3,631606716,False,0.668217420578003,7930,4380,7380,0.0155657879046095,0.00864252970784124,4.2894140848586,496.314647430934,0.00195324351848145,100141599,406,21681056768.0,184492800.0,791366014.875,1594484.50488281,0.22600368
1446,2,631597043,False,0.350000858306885,10080,3980,9850,0.00414764278626628,0.000752045540139079,0.251562237739563,334.503967285156,0.00052045912734375,100141599,543,63894867968.0,564945280.0,142118896.0,424864.59375,0.692057968
1447,1,631601600,False,0.0123756006360054,10580,6830,5010,2.97823410728256e-06,7.17586090104305e-06,0.00134290475398302,187.141967773438,3.73718086242676e-07,100141599,1069,1386882688.0,42514200.0,57092.51953125,305.075988769531,0.052079895
1448,1,631602198,False,0.191215619444847,4580,1170,4390,0.000318675206666508,1.96626442630077e-05,0.00699569843709469,355.786224365234,3.99883568847656e-05,100141599,943,70883303424.0,1660181376.0,11614128.0,32643.556640625,2.0337221856
1449,1,631605778,False,0.0193753968924284,10030,2670,5600,5.1659638903311e-06,2.90174057226977e-06,0.000453422719147056,156.258865356445,6.48241229248047e-07,100141599,140,1751406720.0,182365200.0,82688.5234375,529.176513671875,0.22339737
1450,1,631600477,False,0.780343949794769,7960,1270,3920,0.0730330387697216,0.0154913170263171,7.53205490112305,486.211395263672,0.0091644130375,100141599,484682512,36656799744.0,482925600.0,3637422080.0,7481153.5,0.59158386
1451,2,631596831,False,0.256709635257721,5900,1060,8350,0.00124599807560812,0.000616831006482244,0.161065429449081,261.117614746094,0.000156351716992187,100141599,450,10594100224.0,206919008.0,33327500.0,127634.0546875,0.2534757848
1452,2,631596970,False,0.0236387588083744,11090,3960,7750,5.6402288649186e-06,7.20470106707483e-07,0.000106003132030223,147.130506933387,7.07753474521637e-07,100141599,519,140715730944.0,801917988.0,85005.818359375,577.75793838501,0.9823495353
1453,2,631597129,False,0.998863101005554,8940,6090,6650,0.0879170785162308,0.0290183275938034,26.1200008392334,900.120788574219,0.011032108675,100141599,574,39148580864.0,310348800.0,8106310656.0,9005803.0,0.38017728
1454,1,631605261,False,0.337117493152618,5970,560,4830,0.000532839557071166,9.12670511752367e-05,0.0272335987538099,298.394653320312,6.68623662109375e-05,100141599,320,10958056448.0,598041920.0,16286834.0,54581.5234375,0.732601352
1455,2,631596139,False,0.23397034406662,2300,3590,6760,0.000922588644769235,0.00135970779228956,0.608272552490234,447.355316162109,0.000115769294921875,100141599,188,4158857984.0,69504304.0,42277560.0,94505.546875,0.0851427724
1456,3,631608917,False,0.190139412879944,10610,1550,6660,0.000818682196584635,8.27108156906149e-05,0.055538212460356,671.474606998198,0.000102730790370178,100141599,811,239450316800.0,1013916608.0,56311115.9921875,83861.8696899414,1.2420478448
1457,1,631604580,False,0.588383674621582,7070,4330,1260,0.0965914293636623,0.0070875151157903,2.7181622318701,383.514135414583,0.0121205932203125,100141599,541,154065524992.0,1396026908.0,3794627616.0,9894361.8125,1.7101329623
1458,2,631600188,False,1.0,8150,2400,6620,1.07754126158116,0.117918340299058,248.468193567637,2107.12085106936,0.13521323160625,100141599,1100,396189430016.0,936055816.0,232580097680.0,110378148.25,1.1466683746
1459,3,631607055,True,1.0,8000,830,7380,0.447635667070923,0.999992901378304,7414.35990184934,7414.41253395901,0.0561707168763672,100141599,533,339979681728.0,45853971.9296875,339977850816.0,45853646.4296875,0.0561711156138672
1460,2,631599729,False,0.00883521512150764,12640,4950,6280,8.98943782649376e-07,2.50698280979123e-06,0.000277582264970988,110.723640441895,1.12802264022827e-07,100141599,1039,4610742784.0,36730800.0,10195.818359375,92.0834808349609,0.04499523
1461,1,631601825,False,0.526494324207306,6060,2030,3820,0.0020743284210201,0.00644676946103573,2.30806684494019,358.019134521484,0.000260293187109375,100141599,1026,2615390720.0,32959800.0,76073424.0,212484.234375,0.040375755
1462,2,631596696,False,0.523959934711456,9380,6590,6970,0.000198778517483294,5.03523103908076e-05,0.0128662191781361,255.523908997927,2.49433471191406e-05,100141599,398,34201882624.0,404388912.0,5202956.375,20361.916015625,0.4953764172
1463,3,631609075,False,0.542816400527954,10050,2190,9070,0.0126764414897834,0.0393796890945231,19.1801371375196,487.056591317456,0.00159067933657227,100141599,869,5575988480.0,32974200.0,632449678.0,1298513.74414062,0.040393395
1464,1,631601793,False,0.000341259670676664,7770,1840,1930,3.09810199496946e-09,6.04227501366239e-10,1.72607656168111e-07,285.666656494141,3.88759481906891e-10,100141599,1035,52763533312.0,525223808.0,90.6576538085938,0.317354679107666,0.6433991648
1465,1,631604635,False,0.0,0,0,0,0.0,0.0,0.0,0.0,0.0,100141599,523,29092067328.0,249988496.0,0.0,0.0,0.3062359076
1466,2,631596216,False,0.0,0,0,0,0.0,0.0,0.0,0.0,0.0,100141599,222,955193536.0,17995500.0,0.0,0.0,0.0220444875
1467,3,631609546,False,0.604533195495605,7200,860,8790,0.114030743989063,0.015459944600974,5.35913872709123,346.64669669991,0.0143089327035156,100141599,981,58343878656.0,755550016.0,4049097351.0,11680761.390625,0.9255487696
1468,3,631610004,False,0.143652394413948,12590,6750,6380,9.02208357404803e-05,1.10281635738696e-05,0.00281164499946961,254.951332616393,1.13211913024902e-05,100141599,1107,76282036224.0,838017024.0,2356206.375,9241.78881835938,1.0265708544
1469,3,631609599,True,0.00045046623563394,8290,1170,7200,2.57620800751443e-08,1.0,7595.4781732573,7595.4781732573,3.23270599842071e-09,100141599,991,20044.0390625,2.63894367218018,20044.0390625,2.63894367218018,3.23270599842071e-09
1470,3,631606381,False,0.588383674621582,7070,4330,1260,0.0899362758914595,0.0107837351962194,4.47386938306149,414.871962418915,0.011285483846875,100141599,289,107328503808.0,854308800.0,3822065984.0,9212639.875,1.04652828
1471,2,631599763,True,1.0,8010,960,7200,0.0880791907682799,1.0,7645.9365234375,7645.9365234375,0.011052451025,100141599,1046,68984766464.0,9022409.0,68984766464.0,9022409.0,0.011052451025
1472,1,631603015,False,0.537729918956757,9630,3340,2250,0.0308885391264527,0.0112935872748494,4.4539794921875,394.381286621094,0.0038759900375,100141599,743,35140730880.0,280165504.0,1247851392.0,3164073.5,0.3432027424
1473,1,631604957,False,0.0993086248636246,13160,6330,5470,4.33047375897691e-05,4.84096119104339e-06,0.00101398638869357,209.459722703338,5.43401326904297e-06,100141599,395,92847849472.0,916332320.0,929148.5,4435.92919921875,1.122507092
1474,1,631600720,False,0.0,0,0,0,0.0,0.0,0.0,0.0,0.0,100141599,607344858,2171282688.0,17064000.0,0.0,0.0,0.0209034
1475,1,631602756,False,0.517964363098145,4670,2530,5110,0.0136236428568424,0.00853403750807047,3.92992925643921,460.500549316406,0.0017095371125,100141599,810,23347445760.0,163526400.0,642647168.0,1395540.5,0.20031984
1476,1,631601224,False,0.026113998144865,9950,4950,3650,5.15837042420525e-06,3.04978867229229e-07,4.99787935212728e-05,163.87625141157,6.47288377482108e-07,100141599,1132,208124093440.0,1732574720.0,86591.994191057,528.398675495599,2.122404032
1477,1,631603453,False,0.733205437660217,7930,1220,4890,0.0204036758942763,0.096160776913166,68.5081939697266,712.433898925781,0.0025603167625,100141599,622,4591955968.0,21735000.0,1489025664.0,2090054.5,0.026625375
1478,3,631609671,True,0.00045046623563394,8290,1170,7200,2.57620800751443e-08,1.0,7595.4781732573,7595.4781732573,3.23270599842071e-09,100141599,1009,20044.0390625,2.63894367218018,20044.0390625,2.63894367218018,3.23270599842071e-09
1479,3,631609960,False,0.420021802186966,10350,6700,6320,0.00218214519510691,0.000105730048546084,0.0308135851211334,291.436403793032,0.0002738223715271,100141599,1093,175943483392.0,2114143232.0,65144332.4375,223528.466552734,2.5898254592
1480,3,631610204,False,0.701234698295593,5110,1950,5790,0.193833797114316,0.0461307261463329,29.2849400022304,634.825038507624,0.024322868215625,100141599,588,68840421376.0,430416000.0,12604706736.0,19855402.625,0.5272596
1481,2,631597464,False,0.459439128637314,9900,3630,7590,0.00286651449642738,0.00078133586794138,0.280985742807388,359.622222900391,0.00035969916171875,100141599,658,23278077952.0,375807616.0,105596584.0,293631.96875,0.4603643296
1482,1,631602819,False,0.157198294997215,11970,5140,3570,1.76780548607802e-05,2.48132118940703e-06,0.000372017355402932,149.927124023438,2.21829735107422e-06,100141599,794,2572737792.0,729794688.0,271496.28125,1810.85498046875,0.8939984928
1483,1,631601665,False,0.245378717780113,7010,4320,1260,0.000222526706889071,7.17046350473538e-05,0.0240079183131456,334.816833496094,2.79233438476562e-05,100141599,1058,33843101696.0,317895296.0,7632004.5,22794.56640625,0.3894217376
1484,2,631599828,False,0.269766837358475,11640,2780,8400,0.000978585634397645,3.91232388210483e-05,0.0149972308427095,383.333038330078,0.000122795971484375,100141599,1056,424798584832.0,2562201088.0,38425920.0,100241.609375,3.1386963328
1485,1,631600950,False,0.0,0,0,0,0.0,0.0,0.0,0.0,0.0,100141599,549009203,3931564544.0,27975600.0,0.0,0.0,0.03427011
1486,2,631596504,False,0.0,0,0,0,0.0,0.0,0.0,0.0,0.0,100141599,327,36097732608.0,345339904.0,0.0,0.0,0.4230413824
1487,1,631603076,False,0.0,0,0,0,0.0,0.0,0.0,0.0,0.0,100141599,725,5303737344.0,44470800.0,0.0,0.0,0.05447673
1488,1,631602749,False,0.0,0,0,0,0.0,0.0,0.0,0.0,0.0,100141599,812,561856256.0,20844000.0,0.0,0.0,0.0255339
1489,2,631597149,False,0.646928429603577,3810,4670,7490,0.0301558856602261,0.00789490994066,2.87498736381531,364.157073974609,0.0037840544,100141599,579,27339180032.0,391267808.0,1124889984.0,3089024.0,0.4793030648
1490,2,631597764,False,0.374070733785629,5780,4330,6740,0.00229295946768471,0.000387075453792932,0.151556354996361,391.542148982243,0.000287727691385898,100141599,809,59258123648.0,606806104.0,91965321.3117828,234879.748070121,0.7433374774
1491,1,631605602,False,0.0,0,0,0,0.0,0.0,0.0,0.0,0.0,100141599,217,26456383488.0,159162304.0,0.0,0.0,0.1949738224
1492,1,631605645,False,0.279217809438705,7660,1410,2180,0.00050428636703707,7.57187226554379e-05,0.0287692006677389,379.948333740234,6.3279423046875e-05,100141599,201,77059153920.0,682217984.0,19626866.0,51656.671875,0.8357170304
1493,3,631608823,False,0.763019382953644,4010,3260,6200,0.162884734965906,0.0184916939717656,9.70778620065964,524.98090307368,0.0204392835609375,100141599,772,142031400960.0,902304000.0,8759374320.0,16685129.4375,1.1053224
1494,3,631606971,True,1.0,7990,650,7370,0.0484276331486482,0.999971879725453,7486.18044125045,7486.39096061962,0.00607685015,100141599,501,37138448384.0,4960833.5,37137694720.0,4960694.0,0.0060770210375
1495,1,631602150,False,0.00110215262975544,8440,6010,5680,2.40981643048254e-08,1.44821683534246e-07,1.88285248441389e-05,130.011779785156,3.02391266822815e-09,100141599,606826655,1348177024.0,17045100.0,320.93408203125,2.4685001373291,0.0208802475
1496,2,631596145,False,0.430285394191742,9610,6990,6430,0.00679977356722284,0.0027604338247329,0.450507640838623,163.201751708984,0.000853256753125,100141599,190,1214080256.0,252328496.0,113675912.0,696536.125,0.3091024076
1497,3,631607217,False,0.47037860751152,9210,3100,7690,0.00208412501128477,0.00269782102121228,1.14484574149474,424.359411722687,0.00026152249375,100141599,580,9396550144.0,79133400.0,90595536.0,213487.75,0.096938415
1498,2,631595780,False,0.0,0,0,0,0.0,0.0,0.0,0.0,0.0,100141599,54,2342511616.0,22204800.0,0.0,0.0,0.02720088
1499,1,631604563,False,0.0,0,0,0,0.0,0.0,0.0,0.0,0.0,100141599,545,135410.03125,900.0,0.0,0.0,1.1025e-06
1500,2,631598859,False,0.542816400527954,10050,2190,9070,0.0124202380981802,0.0771675705909729,37.6846008300781,488.347595214844,0.0015585301375,100141599,869,3198494720.0,16487100.0,621309760.0,1272269.5,0.0201966975
1501,3,631608465,False,0.0,0,0,0,0.0,0.0,0.0,0.0,0.0,100141599,633,2336739456.0,16338600.0,0.0,0.0,0.020014785
1502,2,631599494,False,1.0,6630,3570,8100,56.8041968461013,0.0255875922739506,40.0522842407227,1565.30102539062,7.1279674368,100141599,997,36616805045261.6,227405103104.0,9108093665280.0,5818748928.0,278.5712513024
1503,2,631595623,False,0.0469696335494518,8470,5080,5760,2.40898044973516e-05,6.31786388112232e-05,0.0146144358441234,231.319274902344,3.02286365356445e-06,100141599,12,5409194496.0,39058200.0,570813.5625,2467.64379882812,0.047846295
1504,1,631601845,False,0.610629200935364,5430,1700,4800,0.0372870358144484,0.00356970238499343,1.54387819766998,432.494934082031,0.00467889331875,100141599,1021,112637222912.0,1069978496.0,1651916416.0,3819504.75,1.3107236576
1505,1,631603134,False,0.0573206692934036,3080,4750,3480,3.52978983745809e-05,3.2336320145987e-05,0.0141596626490355,437.887237548828,4.42929016113281e-06,100141599,704,2223888640.0,111816896.0,1583289.5,3615.7470703125,0.1369756976
1506,2,631596234,False,0.0241507291793823,9070,6590,7620,2.04829103655055e-05,2.01143825506733e-06,0.0003898911527358,193.837005615234,2.57025935058594e-06,100141599,229,3339262048.0,1043119744.0,406703.15625,2098.1708984375,1.2778216864
1507,3,631608685,False,1.0,6500,3450,7430,0.271397589431232,0.010898056854832,14.0471674601502,1288.96074293483,0.0340558143112732,100141599,709,421290568192.0,2550974464.0,35833965482.375,27800664.7438965,3.1249437184
1508,2,631600196,False,0.344242542982101,3620,4240,8250,0.00103258059604281,0.000155705070937984,0.0791700482368469,508.461578369141,0.00012957142734375,100141599,1101,83468009472.0,679313728.0,53781300.0,105772.59375,0.8321593168
1509,2,631597051,False,0.0609694011509418,10020,2070,8190,5.35679752540687e-07,0.0609694011509418,15.9348821640015,261.358673095703,6.72187627792358e-08,100141599,545,123021.46875,900.0,14341.3935546875,54.8724594116211,1.1025e-06
1510,1,631605782,False,0.455955058336258,9380,3490,1450,0.00565515963777314,0.000900985964108258,0.333952158689499,370.651916503906,0.000709627034375,100141599,139,68110692352.0,642948288.0,214713968.0,579287.375,0.7876116528
1511,3,631610291,False,0.337841838598251,3560,3870,6560,0.000429059345688535,0.0131699560541022,4.031567331895,306.118510595882,5.38397022460937e-05,100141599,527696977,222524616.0,3337200.0,13454146.5,43950.77734375,0.00408807
1512,3,631609104,False,0.315076112747192,10530,4040,5950,0.000760071372925659,0.00083394985244043,0.440441422827188,528.138978067209,9.53761217773437e-05,100141599,880,13543446528.0,93360600.0,41119875.5,77858.05859375,0.114366735
1513,3,631606220,False,0.507696866989136,7250,3110,6400,0.00309559090936463,0.00102208325964908,0.49849242889457,487.721938686015,0.000388444383068848,100141599,186,38241300480.0,310246208.0,154655385.78125,317097.455566406,0.3800516048
1514,2,631596097,False,0.0,0,0,0,0.0,0.0,0.0,0.0,0.0,100141599,164,9471319.0,194400.0,0.0,0.0,0.00023814
1515,1,631601771,False,0.383785784244537,10550,5380,1410,0.00812030359819758,0.000322640960803255,0.102211892604828,316.797637939453,0.001018960971875,100141599,1041,276008402944.0,2578113024.0,263513808.0,831804.875,3.1581884544
1516,3,631608543,False,0.0354832783341408,7550,7080,3070,2.18921622772905e-05,1.92358590009728e-06,0.000306262520872987,159.214371896518,2.74709666710794e-06,100141599,663,96967012352.0,1165805952.0,357042.669708252,2242.52789151669,1.4281122912
1517,3,631608418,False,0.559564590454102,7460,2050,5880,0.0599425904769557,0.0066985687008795,2.26220807103942,337.715140660183,0.00752178283859501,100141599,618,72060296192.0,916648192.0,2073648938.24609,6140230.88864899,1.1228940352
1518,2,631600874,False,0.011138373054564,5620,5930,8720,3.16298002810095e-07,3.9405907159562e-07,9.49566310737282e-05,240.970550537109,3.96900579452515e-08,100141599,1105,9042240512.0,82221296.0,7807.45703125,32.4000473022461,0.1007210876
1519,1,631604611,False,0.30948680639267,5970,2420,5580,0.000611878249030467,0.00371127505786717,1.04592502117157,281.823638916016,7.67803873046875e-05,100141599,530,954212928.0,16888500.0,17664104.0,62677.8671875,0.0206884125
1520,2,631597525,False,0.342918902635574,6830,4150,9740,0.00314674936916274,0.000304868323734926,0.0970080502095532,318.196554568584,0.000394863905847168,100141599,677,128273907968.0,1057301980.0,102566803.5625,322337.882324219,1.2951949255
1521,1,631605799,False,0.274149358272552,3850,2990,4720,0.000550405655667083,0.00586348352953792,2.29622316360474,391.614196777344,6.90666149414062e-05,100141599,132,789990656.0,9615600.0,22079564.0,56380.91015625,0.01177911
1522,3,631606061,False,1.0,8270,1210,7720,2.4944102299637,0.265118629028108,411.909091856877,1553.67841696709,0.3130063601,100141599,33,553679044608.0,963777600.0,396988755968.0,255515396.0,1.18062756
1523,1,631599856,False,0.0,0,0,0,0.0,0.0,0.0,0.0,0.0,100141599,157,15305180736.0,352198804.0,0.0,0.0,0.4314435349
1524,1,631605132,False,0.0,0,0,0,0.0,0.0,0.0,0.0,0.0,100141599,347,3524281344.0,49230000.0,0.0,0.0,0.06030675
1525,1,631605765,False,0.185939446091652,9020,4860,5030,8.6527468299958e-05,8.335219717992e-06,0.00367520959116518,440.925354003906,1.08577360595703e-05,100141599,146,115163291648.0,1063374272.0,3908123.25,8863.4580078125,1.3026334832
1526,2,631595785,False,0.420583426952362,4470,5280,6580,0.00600092214958441,0.000310361036099494,0.146314591169357,471.433502197266,0.000753014390625,100141599,56,294422872064.0,1980614656.0,289792832.0,614705.625,2.4262529536
1527,3,631606046,False,0.0,0,0,0,0.0,0.0,0.0,0.0,0.0,100141599,576073704,21523998720.0,192828608.0,0.0,0.0,0.2362150448
1528,2,631600356,False,0.73956286907196,9120,2450,10080,0.0795487778772672,0.0258097071200609,11.193000793457,433.674072265625,0.0099820282625,100141599,1127,34416439296.0,315718208.0,3533834240.0,8148594.5,0.3867548048
1529,2,631595895,False,0.542664706707001,8550,1850,9970,0.0381678366057967,0.0165363326668739,7.00292730331421,423.487335205078,0.00478941894375,100141599,97,23372363776.0,236432704.0,1655721088.0,3909729.75,0.2896300624
1530,1,631603280,False,0.598378777503967,7990,320,4490,0.0662129853073042,0.0297110788524151,13.2698678970337,446.630310058594,0.0083086115,100141599,671,23041968128.0,228283200.0,3029287936.0,6782540.0,0.27964692
1531,3,631606221,False,0.389246821403503,4050,4110,8740,0.000168499140788178,3.51685558928746e-05,0.0269918179933858,767.498616537011,2.11437966796875e-05,100141599,187,32575239040.0,490786208.0,13247212.0,17260.2421875,0.6012131048
1532,1,631600503,False,0.213056430220604,9190,3470,2290,0.000228075165375701,3.90928180422634e-05,0.0149338012561202,382.008819580078,2.86195816894531e-05,100141599,484682470,83796066304.0,597627008.0,8924843.0,23362.923828125,0.7320930848
1533,2,631599453,False,0.0,0,0,0,0.0,0.0,0.0,0.0,0.0,100141599,989,33776007168.0,225916192.0,0.0,0.0,0.2767473352
1534,1,631603475,False,0.0425497926771641,5840,7240,3700,1.09839191771722e-05,7.82618881566831e-06,0.000824400228599941,105.338658192026,1.3782963684082e-06,100141599,619,17020312064.0,143766004.0,118520.7265625,1125.13989257812,0.1761133549
1535,1,631603549,False,0.580941617488861,10070,1010,3510,0.0255968837055413,0.00461182277649641,1.71162581443787,371.138671875,0.00321197664375,100141599,593,61802061824.0,568543488.0,973133696.0,2622021.75,0.6964657728
1536,3,631606121,False,0.322971314191818,10420,4450,2960,0.00430852769982699,0.000448214296632514,0.0683838297993413,152.569497031034,0.000540647467089844,100141599,78,16046017024.0,984673792.0,67335765.0,441344.87109375,1.2062253952
1537,2,631599021,False,0.361760556697845,4830,5120,5880,0.00380097284097141,0.000749051808179351,0.225344996002732,300.840333795411,0.000476957903515625,100141599,904,57215784960.0,519795008.0,117133204.0,389353.390625,0.6367488848
1538,2,631605627,False,0.606915712356567,9210,2340,9850,0.0130889169699385,0.0491403788328171,22.9957904815674,467.961212158203,0.00164243804375,100141599,312782640,4482410496.0,27284400.0,627426368.0,1340765.75,0.03342339
1539,3,631609974,False,0.0445666089653969,13000,6500,4280,2.59427111879274e-05,2.67174687047502e-06,0.000419971112286866,157.189708698788,3.25537215270996e-06,100141599,1098,113048059904.0,994647616.0,417723.265625,2657.44665527344,1.2184433296
1540,3,631606923,False,0.741566717624664,6370,1500,7090,0.218921162943964,0.0471845321972473,29.1523113831658,617.836185411339,0.0274709089703125,100141599,478,67820054528.0,475266592.0,13855119680.0,22425231.8125,0.5822015752
1541,2,631596814,False,0.754779398441315,6330,3990,6210,0.13952794180205,0.0157431972181467,7.85463868428618,498.922714074393,0.0175084004511719,100141599,444,120174867456.0,907857000.0,7130888712.0,14292571.796875,1.112124825
1542,3,631606188,False,0.625321269035339,9820,3610,9660,0.0293130442346529,0.00233509244136909,0.866291940418076,370.988285119093,0.003678292034375,100141599,139,137936785408.0,1285896576.0,1113961840.0,3002687.375,1.5752233056
1543,1,631600935,False,0.000562895962502807,8210,4300,5620,4.94562776983897e-09,6.88305092921837e-08,1.8962804460898e-05,275.499969482422,6.20592767000198e-10,100141599,549009211,1093878656.0,7360200.0,139.570037841797,0.506606340408325,0.009016245
1544,3,631609379,False,0.65769624710083,6190,1780,7770,0.083652989240473,0.0101071983438821,4.93343868743221,488.111395421305,0.0104970374796875,100141599,945,94849884160.0,847812608.0,4182631520.0,8569010.1875,1.0385704448
1545,2,631597663,False,0.538519024848938,8040,2140,10230,0.0487007961006361,0.0295634660869837,10.5405330657959,356.539123535156,0.0061111274875,100141599,735,20339036160.0,168744608.0,1778658048.0,4988675.5,0.2067121448
1546,1,631601449,False,0.0,0,0,0,0.0,0.0,0.0,0.0,0.0,100141599,1092,5711343616.0,49785300.0,0.0,0.0,0.0609869925
1547,2,631596604,False,0.992593586444855,7180,1500,8010,0.324494109312991,0.0526973825277945,46.0523425730792,873.901897286636,0.0407185309015625,100141599,361,115020047872.0,630764100.0,29048164416.0,33239617.0625,0.7726860225
1548,3,631609634,False,0.392104059457779,9130,5050,6850,0.000788180937057174,7.30093150246367e-05,0.0266973677040733,365.670705102004,9.89033973822594e-05,100141599,1000,51185035733.4609,1105851592.0,29523326.5777588,80737.467250824,1.3546682002
1549,1,631601231,False,0.661182463169098,6270,4650,5520,0.137005453918952,0.000879079624344121,0.351809308163471,400.201868432516,0.0171918708197582,100141599,1129,1852992124456.0,15964629224.0,5616505162.38177,14034180.2610271,19.5566707994
1550,2,631595945,False,0.0,0,0,0,0.0,0.0,0.0,0.0,0.0,100141599,114,15386886144.0,151872304.0,0.0,0.0,0.1860435724
1551,3,631608388,False,0.295081317424774,7460,4500,5870,0.0010737086287078,0.000921420579514067,0.30558329500558,331.643661754045,0.00013473230090332,100141599,609,10824863232.0,119365200.0,36476011.125,109985.551757812,0.14622237
1552,1,631600767,False,0.0474882423877716,8900,5170,5600,5.55733354818061e-06,5.03838127769995e-05,0.00920952670276165,182.787414550781,6.97351512145996e-07,100141599,607344842,1664802304.0,11298600.0,104054.7578125,569.266540527344,0.013840785
1553,2,631597360,False,0.782754421234131,3420,3980,7460,0.0488280668118227,0.00920944567769766,3.92175674438477,425.840698242188,0.0061270978125,100141599,630,86251675648.0,543106816.0,2129932800.0,5001712.5,0.6653058496
1554,2,631596022,False,0.0,0,0,0,0.0,0.0,0.0,0.0,0.0,100141599,133,2990113024.0,66441600.0,0.0,0.0,0.08139096
1555,2,631597047,False,0.0,0,0,0,0.0,0.0,0.0,0.0,0.0,100141599,544,17561288704.0,139194000.0,0.0,0.0,0.17051265
1556,3,631608938,False,0.371911972761154,10340,1750,6180,0.00172218703215673,0.000148068936889149,0.0849441573914798,573.679795209665,0.000216105389511108,100141599,820,228047339520.0,1191421824.0,101204322.9375,176412.562866211,1.4594917344
1557,2,631599559,False,1.0,7670,1320,7850,5.23879134378353,0.0254485309123993,48.6163024902344,1910.37756347656,0.6573798448,100141599,1009,2270045664035.51,21087135744.0,1025178533888.0,536636608.0,25.8317412864
1558,2,631596663,False,0.33451721072197,7790,1760,7750,0.00738716506919104,0.000164994344231673,0.0781394466757774,473.588623046875,0.0009269644671875,100141599,382,612052107264.0,4586252288.0,358367200.0,756705.6875,5.6181590528
1559,3,631609071,False,0.210167780518532,9850,4500,7390,6.30995108670818e-05,6.4027994137673e-06,0.00404707968643883,632.079724024588,7.91792303581238e-06,100141599,867,116798189568.0,1009497600.0,4085517.23046875,6463.61064147949,1.23663456
1560,1,631600029,False,0.0,0,0,0,0.0,0.0,0.0,0.0,0.0,100141599,606826659,4824899584.0,34586100.0,0.0,0.0,0.0423679725
1561,1,631605108,False,0.0326742231845856,5020,4730,4730,1.45277899447791e-05,2.46662989411561e-06,0.000478421250591055,193.957458496094,1.8229923034668e-06,100141599,351,59902017536.0,603315904.0,288639.15625,1488.15698242188,0.7390619824
1562,1,631605960,False,0.0,0,0,0,0.0,0.0,0.0,0.0,0.0,100141599,30,954768384.0,22851900.0,0.0,0.0,0.0279935775
1563,1,631600654,False,0.110683314502239,10330,6230,5360,1.88757847853227e-05,1.82915198365663e-06,0.000459920061985031,251.438949584961,2.36859223022461e-06,100141599,1093,86969081856.0,1057071616.0,486168.4375,1933.54467773438,1.2949127296
1564,1,631601110,False,0.0,0,0,0,0.0,0.0,0.0,0.0,0.0,100141599,182305697,7080497664.0,149164192.0,0.0,0.0,0.1827261352
1565,2,631597288,False,0.198499619960785,6870,6710,6870,8.16621684954772e-05,3.5528475564206e-05,0.00521875731647015,146.889419555664,1.02472230957031e-05,100141599,614,14197242880.0,235447200.0,1228741.75,8365.080078125,0.28842282
1566,1,631604861,False,0.750215411186218,7710,1680,5500,0.0176373829949579,0.00396345788612962,3.24878835678101,819.685363769531,0.00221319371875,100141599,430,70827180032.0,455836512.0,1480916352.0,1806688.75,0.5583997272
1567,1,631605540,False,0.178322553634644,13010,5490,5330,2.55201057226476e-05,0.000623844272922724,0.224353060126305,359.629913330078,3.2023423034668e-06,100141599,237,412969920.0,4190400.0,940129.0625,2614.15698242188,0.00513324
1568,3,631609860,False,0.245378717780113,7010,4320,1260,0.000230089582098775,3.70708080501036e-05,0.012418296073969,334.988545628269,2.88723569702148e-05,100141599,1058,78790619136.0,635790592.0,7895435.8125,23569.2709960938,0.7788434752
1569,2,631597609,False,0.494742661714554,3200,3400,5730,0.000979612274347453,0.00147431332152337,1.05440247058868,715.18212890625,0.000122924797460937,100141599,707,8248772096.0,68063400.0,71766216.0,100346.7734375,0.083377665
1570,1,631601258,False,0.393145799636841,2830,3840,5180,0.0100082503068768,0.00367487361654639,1.55890154838562,424.205474853516,0.0012558664015625,100141599,1125,37864374272.0,278974784.0,434894208.0,1025197.0625,0.3417441104
1571,2,631597802,False,0.320127725601196,5200,6780,7100,0.000388969116662729,2.61080424945665e-05,0.00732161316129461,280.435163333994,4.88090555175781e-05,100141599,835,173455521792.0,1526124640.0,11173694.25,39844.126953125,1.869502684
1572,3,631606540,False,0.290165334939957,6170,5090,1710,0.0001304249539415,1.97250000424468e-05,0.0053327869876265,270.356754177476,1.63661291992187e-05,100141599,344,70155411456.0,677318400.0,3611994.75,13360.10546875,0.82971504
1573,2,631596693,False,0.00192954496014863,8810,4460,5740,5.61136491694299e-08,3.41899379918686e-07,5.12756669195369e-05,149.97297668457,7.04131536483765e-09,100141599,397,1241657600.0,16812000.0,862.046508789062,5.74801254272461,0.0205947
1574,3,631610072,False,1.0,6610,3520,7840,8.90094004545712,0.0285559253579015,62.5011085504204,2188.72642952634,1.11691766319344,100141599,1129,5856421797680.0,31929258448.0,1995614048192.88,911769520.974234,39.1133415988
1575,2,631599915,True,1.0,7900,580,7380,0.121763961234914,0.999333798885345,7269.27587890625,7274.1220703125,0.015279320875,100141599,1066,90733969408.0,12481230.0,90729504768.0,12472915.0,0.01528950675
1576,1,631602046,False,0.19467505812645,8810,1300,2160,0.000843443864393755,0.000636617885902524,0.19775801897049,310.638488769531,0.000105837961523437,100141599,973,17745096704.0,135714592.0,26838648.0,86398.3359375,0.1662503752
1577,2,631600929,False,0.115564450621605,8240,5390,5860,0.000106080980074842,0.000300567742669955,0.059301819652319,197.299346923828,1.33113715820312e-05,100141599,607344834,6850004992.0,36153000.0,2143938.75,10866.42578125,0.044287425
1578,2,631600939,False,0.153724178671837,8540,5830,5830,0.00010806347398505,0.000359265308361501,0.0640729442238808,178.344375610352,1.35601410888672e-05,100141599,607344838,5607034880.0,30811500.0,1974183.625,11069.5029296875,0.0377440875
1579,2,631597629,False,0.0204872228205204,12840,4870,6460,5.10887704552763e-06,2.80399896953491e-06,0.000395044210184276,140.886004052206,6.41077794265747e-07,100141599,720,27596694016.0,186636592.0,73729.705078125,523.328811645508,0.2286298252
1580,3,631609195,False,0.797364950180054,8290,1840,9740,0.174158194961454,0.0994518381137006,69.5735959484853,699.570739647303,0.0218539124125,100141599,905,38673016832.0,179382592.0,12480291976.0,17839928.5,0.2197436752
1581,1,631603112,False,0.411219924688339,12390,4960,4610,0.0005572182327562,0.000380764191504568,0.158652424812317,416.66845703125,6.99214783203125e-05,100141599,711,19043729408.0,149905792.0,23782918.0,57078.7578125,0.1836345952
1582,2,631595743,False,0.799534440040588,3530,3640,6540,0.0298776660812928,0.00805517998967277,3.1705900373511,393.608838215408,0.00374914254121094,100141599,44,43100894592.0,379944896.0,1204649502.0,3060524.5234375,0.4654324976
1583,3,631606084,False,0.546481907367706,7650,3250,6180,0.00376765070587962,0.00251205159322925,1.07344484791629,427.317994108703,0.00047277653828125,100141599,50,13972020736.0,153635392.0,164919120.0,385940.03125,0.1882033552
1584,3,631606452,False,0.184098169207573,10780,4910,5500,0.000282896058898621,0.00185474351608503,1.09941973886329,592.761063364669,3.54986780517578e-05,100141599,318,2396061056.0,15624000.0,17177334.0,28978.5126953125,0.0191394
1585,2,631601146,False,0.564701676368713,9380,1700,7430,0.0710729067875431,0.0495312623679638,24.3825550079346,492.265991210938,0.008918449575,100141599,484682508,23680862208.0,146985296.0,3583877120.0,7280367.0,0.1800569876
1586,3,631606175,False,0.555419027805328,7340,5050,8250,0.00616412184603321,0.00100609918236807,0.602516422608076,598.863842817092,0.000773493196533203,100141599,125,8025536512.0,627595200.0,378136414.75,631423.017578125,0.76880412
1587,1,631602300,False,0.192940503358841,10580,3270,4490,0.000377272048900893,2.10519778278861e-05,0.0042600497952393,202.358649152495,4.73412710449219e-05,100141599,920,244883488768.0,1835738944.0,7820339.3125,38645.935546875,2.2487802064
1588,2,631597737,False,0.0179460570216179,13030,6490,7800,1.52867265777773e-05,2.14567035072832e-06,0.000427577819209546,199.274703979492,1.9182260345459e-06,100141599,794,3078710528.0,729794688.0,312044.03125,1565.89880371094,0.8939984928
1589,2,631597081,False,0.0,0,0,0,0.0,0.0,0.0,0.0,0.0,100141599,559,38723137536.0,336602688.0,0.0,0.0,0.4123382928
1590,2,631604740,False,0.0267690047621727,8440,6000,5740,1.0987725413707e-06,6.60324531054357e-06,0.000939318502787501,142.251037597656,1.37877398681641e-07,100141599,606826655,1614106240.0,17045100.0,16010.77734375,112.552978515625,0.0208802475
1591,2,631595880,False,0.0,0,0,0,0.0,0.0,0.0,0.0,0.0,100141599,93,61474172.0,26797500.0,0.0,0.0,0.0328269375
1592,2,631596403,False,0.000293619465082884,5400,5080,6120,4.40468849502055e-09,1.29274866367268e-07,1.64207740454003e-05,127.022171020508,5.52714022994041e-10,100141599,287,280749440.0,3490200.0,57.3117828369141,0.451195120811462,0.004275495
1593,3,631608527,False,0.132830381393433,4350,3140,9470,5.39434293852931e-05,4.10064951363126e-06,0.00214876398005716,524.005763700188,6.76898943099975e-06,100141599,657,83278189440.0,1347519616.0,2895501.61328125,5525.70565795898,1.6507115296
1594,1,631605904,False,0.0,0,0,0,0.0,0.0,0.0,0.0,0.0,100141599,72,5456237056.0,44788500.0,0.0,0.0,0.0548659125
1595,3,631608876,False,0.650545537471771,9300,2540,6330,0.121654629152064,0.00294992854970657,1.71723372957442,582.127228045993,0.0152656015449219,100141599,795,498391505152.0,4224412672.0,7254303928.0,12461715.546875,5.1749055232
1596,2,631600146,False,0.749597012996674,6390,4280,6460,0.094524631771104,0.0880869403481483,46.1578178405762,524.0029296875,0.011861245025,100141599,1096,21573885952.0,109921504.0,5073736704.0,9682649.0,0.1346538424
1597,2,631596197,False,0.497705340385437,9010,4300,6600,0.00762128321303217,0.00220225472003222,1.28765845298767,584.700073242188,0.000956342340625,100141599,214,47336714240.0,354494688.0,456468096.0,780687.625,0.4342559928
1598,1,631605714,False,0.0,0,0,0,0.0,0.0,0.0,0.0,0.0,100141599,164,8237389.5,194400.0,0.0,0.0,0.00023814
1599,1,631605911,False,0.0,0,0,0,0.0,0.0,0.0,0.0,0.0,100141599,66,704592576.0,8047800.0,0.0,0.0,0.009858555
1600,1,631605136,False,0.215746119618416,4920,2940,1420,0.000323189246788358,1.18475501559057e-05,0.00138990463738635,117.315784199784,4.05547926902771e-05,100141599,345,2650316488.0,2794329020.0,3883850.86328125,33105.9532165527,3.4230530495
1601,1,631605951,False,0.167319983243942,4330,4290,1660,0.000153363790167917,0.000177892929059453,0.0249061957001686,140.00666809082,1.92445657714844e-05,100141599,36,279568320.0,88310704.0,2199483.75,15709.849609375,0.1081806124
1602,2,631596888,False,1.0,6470,3200,8530,5.43268407938139,0.027504738420248,41.2685317993164,1500.41528320312,0.6817101088,100141599,477,3385337078784.0,20232806400.0,834978185216.0,556498048.0,24.78518784
1603,3,631609978,False,0.958444118499756,7340,2050,8550,0.152980708567257,0.00410618949225394,3.71962980687461,905.859267793524,0.0191964954998011,100141599,1099,228321726432.0,3816338384.0,14195366006.2461,15670608.5712662,4.6750145204
1604,1,631601280,False,0.661182463169098,6270,4650,5520,0.0080277609414873,0.0421329289674759,14.9890899658203,355.757110595703,0.00100734843125,100141599,1120,2413723648.0,19517400.0,292548064.0,822325.25,0.023908815
1605,3,631606462,False,0.999945402145386,7630,4520,8200,0.0572115697474944,0.242428983627601,492.764560782593,2032.61406045218,0.00717908585651169,100141599,321,16814957568.0,24174000.0,11912090492.3584,5860478.25021362,0.02961315
1606,1,631604655,False,0.383785784244537,10550,5380,1410,0.0137670567014021,5.82040847803e-05,0.0168180167675018,288.949096679688,0.001727533128125,100141599,512,3612913011712.0,24229074944.0,407484992.0,1410231.125,29.6806168064
1607,1,631601990,False,0.430131822824478,6290,1250,4790,0.0185778508745666,0.000372550589724766,0.166176687376555,446.051333590221,0.00233120655571289,100141599,985,248422446336.0,5108100248.0,848847178.0,1903025.75976562,6.2574228038
1608,1,631603424,False,0.566106140613556,3570,4330,4380,0.00257870173327244,0.000486368080601096,0.261968076229095,538.621032714844,0.0003235835203125,100141599,630,83941539840.0,543106816.0,142276640.0,264149.8125,0.6653058496
1609,1,631605860,False,0.0,0,0,0,0.0,0.0,0.0,0.0,0.0,100141599,105,9091960832.0,87846304.0,0.0,0.0,0.1076117224
1610,3,631609087,False,0.274570941925049,9190,4140,7780,0.000681934966378007,0.00173388686903663,0.645653153824005,372.37328764289,8.5571322265625e-05,100141599,874,4399469952.0,40287600.0,26011816.0,69854.140625,0.04935231
1611,2,631597733,False,0.515748202800751,8100,2050,9730,0.0317237964886867,0.0398202762007713,19.1940517425537,482.017059326172,0.00398080073125,100141599,791,14533042176.0,81607504.0,1566378624.0,3249633.25,0.0999691924
1612,3,631608832,True,0.0657799541950226,8230,710,7070,3.48604046137007e-06,1.0,7964.12953679831,7964.12953679831,4.37439208221435e-07,100141599,774,2843936.75,357.093231201172,2843936.75,357.093231201172,4.37439208221435e-07
1613,2,631597124,False,0.751087844371796,8570,1740,9530,0.0891464118634419,0.113314047455788,79.3654174804688,700.402282714844,0.01118636925,100141599,573,21111834624.0,80587800.0,6395884544.0,9131730.0,0.098720055
1614,1,631603446,False,0.63624495267868,4970,3230,4340,0.274044060236759,0.0011482712261807,0.481849760649566,419.630614843725,0.0343879017057195,100141599,623,2687998547648.0,24446973724.0,11779768437.5156,28071756.4944649,29.9475428119
1615,2,631596201,False,1.0,7900,2950,7190,0.569909751518725,0.101667910814285,217.229949951172,2136.66186523438,0.0715140496,100141599,215,227146514432.0,574210816.0,124735791104.0,58378816.0,0.7034082496
1616,1,631605026,False,0.0,0,0,0,0.0,0.0,0.0,0.0,0.0,100141599,374,12189783040.0,88556400.0,0.0,0.0,0.10848159
1617,1,631601947,False,0.0,0,0,0,0.0,0.0,0.0,0.0,0.0,100141599,996,2793998336.0,206795696.0,0.0,0.0,0.2533247276
1618,2,631596597,False,0.0,0,0,0,0.0,0.0,0.0,0.0,0.0,100141599,356,568044672.0,5605200.0,0.0,0.0,0.00686637
1619,2,631600706,False,1.0,9540,1660,6940,0.853299044750971,0.0900736454792146,174.835339971864,1941.02657932512,0.10707462023125,100141599,302,296067495936.0,970404304.0,169660966400.0,87407853.25,1.1887452724
1620,1,631602523,False,0.0516913346946239,10950,6170,5640,2.69607483758238e-05,1.20216580464742e-05,0.00174985077558607,145.558189130099,3.38311862792969e-06,100141599,877,11113947365.9141,229729500.0,401992.34375,2761.7294921875,0.2814186375
1621,1,631601857,False,0.387313693761826,7880,3710,1490,0.0156398229518639,0.0019580401851089,0.678217285148485,346.37556997369,0.0019625336666626,100141599,1018,101623516416.0,818199908.0,554917320.3125,1602068.29931641,1.0022948873
1622,3,631606189,False,0.0506570152938366,10380,3550,6030,1.05759720126114e-05,2.97028091325941e-06,0.000775837718935685,261.200115946046,1.3271058883667e-06,100141599,140,3233310976.0,364730400.0,282971.6015625,1083.35174560547,0.44679474
1623,2,631596594,False,0.199861854314804,6570,4740,9520,0.000316594927989518,0.00349334441125393,1.06630492210388,305.238983154297,3.97273170410156e-05,100141599,355,740034432.0,9283500.0,9899042.0,32430.462890625,0.0113722875
1624,2,631596321,False,0.843180000782013,6180,3550,7070,0.105573324656981,0.0578244067728519,45.7444686889648,791.0927734375,0.0132476694,100141599,255,34054563840.0,187021792.0,8555212800.0,10814424.0,0.2291016952
1625,2,631597780,False,0.371911972761154,10340,1750,6180,0.00171738643241492,0.000295312376692891,0.169734418392181,574.762268066406,0.0002155029953125,100141599,820,116123287552.0,595710912.0,101112648.0,175920.8125,0.7297458672
1626,2,631597817,False,1.0,9610,1630,6930,0.437361596335488,0.0863603353500366,180.953231811523,2095.328125,0.0548814945,100141599,842,162716221440.0,518770816.0,93873258496.0,44801220.0,0.6354942496
1627,1,631605938,False,0.412493705749512,6290,4810,5190,0.00203932442988692,0.00178272911935661,0.580213365694053,325.463559995841,0.00025590077734375,100141599,46,6839186688.0,117179100.0,67988880.0,208898.59375,0.1435443975
1628,3,631606172,False,0.523959934711456,9380,6590,6970,0.000114367269029358,3.55717853002734e-05,0.010252485323644,288.219588561534,1.43511609130859e-05,100141599,122,25233502208.0,329340608.0,3376559.75,11715.2333984375,0.4034422448
1629,2,631595635,False,0.998190939426422,9430,1970,6510,0.489879640048576,0.0533604212105274,70.3925323486328,1319.18994140625,0.0614716221,100141599,17,267595628544.0,940414528.0,66198159360.0,50180916.0,1.1520077968
1630,3,631608979,False,0.320127725601196,5200,6780,7100,0.000388969116662729,1.30540212472832e-05,0.00366080658064731,280.435163333994,4.88090555175781e-05,100141599,835,366530267136.0,3052249280.0,11173694.25,39844.126953125,3.739005368
1631,1,631600901,False,0.0,0,0,0,0.0,0.0,0.0,0.0,0.0,100141599,549009223,3316124672.0,31818600.0,0.0,0.0,0.038977785
1632,2,631595713,False,0.24099388718605,4510,4790,9800,0.000484678581236907,0.000562198518309742,0.0987162068486214,175.589599609375,6.08189770507812e-05,100141599,36,5592787456.0,88310704.0,8717698.0,49648.14453125,0.1081806124
1633,2,631595759,False,0.546481907367706,7650,3250,6180,0.00376765070587962,0.00502410298213363,2.14688968658447,427.317993164062,0.00047277653828125,100141599,50,7464612352.0,76817696.0,164919120.0,385940.03125,0.0941016776
1634,2,631596109,False,1.0,7500,3530,8090,0.747851450807118,0.235677859167384,750.514570774343,3184.49333096373,0.0938427279125,100141599,170,297466803200.0,325046692.0,243952278528.0,76606308.5,0.3981821977
1635,2,631597575,True,1.0,7900,580,7380,0.99999997423792,0.999363694027619,7358.31369100576,7362.99881112391,0.12548310950475,100141599,695,754258123358.375,102500413.057449,754230192734.375,102435191.432449,0.125563005995375
1636,3,631609982,False,1.0,8150,2400,6620,1.07836987683118,0.0590045089864312,124.250819820626,2105.78516718441,0.135317208827084,100141599,1100,540732035328.0,1872111632.0,232611405071.73,110463027.613946,2.2933367492
1637,2,631596836,False,0.0,0,0,0,0.0,0.0,0.0,0.0,0.0,100141599,451,19502745600.0,188746208.0,0.0,0.0,0.2312141048
1638,1,631604993,False,0.00108692806679755,8640,5230,3680,2.03550590560745e-08,2.9894002828712e-09,9.31776639845339e-07,311.693511962891,2.55421617031097e-09,100141599,381,89100107776.0,697489216.0,649.904174804688,2.08507442474365,0.8544242896
1639,1,631603026,False,0.0,0,0,0,0.0,0.0,0.0,0.0,0.0,100141599,737,8434999616.0,125076596.0,0.0,0.0,0.1532188301
1640,3,631610356,False,0.0474882423877716,8900,5170,5600,5.55733354818061e-06,2.51919061001958e-05,0.00460476332521286,182.787412230672,6.97351512145996e-07,100141599,607344842,3421786624.0,22597200.0,104054.7578125,569.266540527344,0.02768157
1641,1,631596255,False,0.446464449167252,7980,1150,2680,0.0017716863124554,0.00275674764998257,1.19157731533051,432.240264892578,0.00022231671328125,100141599,312782612,11411778560.0,65832300.0,78444272.0,181483.03125,0.0806445675
1642,3,631606373,False,0.000293619465082884,5400,5080,6120,4.40468849502055e-09,6.46374306359897e-08,8.21038663069653e-06,127.022168887466,5.52714022994041e-10,100141599,287,619683328.0,6980400.0,57.3117828369141,0.451195120811462,0.00855099
1643,1,631601931,False,0.15168222784996,9140,4690,4660,4.74420237518096e-05,8.78912314330918e-06,0.00191891848585411,218.328774618992,5.9531728149414e-06,100141599,1000,26428985317.9141,552925796.0,1061019.53125,4859.73291015625,0.6773341001
1644,3,631606985,False,0.0059326346963644,11490,4730,7640,2.63846024092311e-07,2.53504405452017e-06,0.000382791679783495,151.000010868036,3.31082203865051e-08,100141599,506,867092832.0,10661400.0,4081.09521484375,27.0271186828613,0.013060215
1645,3,631607041,False,0.383785784244537,10550,5380,1410,0.016655728405687,3.70029831401805e-05,0.0108080102540053,292.084835783665,0.00209001264525528,100141599,528,7173817177088.0,46107979056.0,498335510.428711,1706132.77163696,56.4822743436
1646,3,631606285,False,0.299431502819061,8870,4740,6950,0.000350591667227474,0.000289624103796981,0.137631397341083,475.206985664286,4.39933337035179e-05,100141599,246,15529794048.0,123998400.0,17066073.0600586,35912.9254722595,0.15189804
1647,1,631604767,False,0.0,0,0,0,0.0,0.0,0.0,0.0,0.0,100141599,460,292178080.0,4267800.0,0.0,0.0,0.005228055
1648,3,631610389,False,0.0,0,0,0,0.0,0.0,0.0,0.0,0.0,100141599,549009223,6571114240.0,63637200.0,0.0,0.0,0.07795557
1649,2,631597691,False,0.217835575342178,9990,4410,5990,0.000203575624401279,0.00123476376757026,0.697997272014618,565.2880859375,2.55453030273437e-05,100141599,757,2546258176.0,16888500.0,11788127.0,20853.30859375,0.0206884125
1650,1,631605920,False,0.0,0,0,0,0.0,0.0,0.0,0.0,0.0,100141599,59,8477710848.0,79384496.0,0.0,0.0,0.0972460076
1651,1,631605456,False,0.0425497926771641,5840,7240,3700,1.09839191771722e-05,2.24239101953572e-05,0.00236210459843278,105.338661193848,1.3782963684082e-06,100141599,260,4270982656.0,50175900.0,118520.7265625,1125.13989257812,0.0614654775
1652,3,631606552,False,0.439699560403824,9470,4310,7200,0.00721686887566372,0.000450631688238483,0.202660825411871,449.7260860728,0.000905595170736351,100141599,348,199151136704.0,1640500176.0,332465119.75648,739261.363866409,2.0096127156
1653,2,631599755,False,0.422273308038712,9270,3570,9860,0.00425672059249578,0.0163258742541075,5.49245405197144,336.426300048828,0.00053414655,100141599,1045,2371393792.0,26708400.0,146694656.0,436038.0,0.03271779
1654,1,631602322,False,0.151690781116486,11480,5770,3110,0.000111631764727319,5.50406330148689e-05,0.00908178556710482,165.00146484375,1.40079013183594e-05,100141599,153,5527361536.0,207756000.0,1886795.375,11435.021484375,0.2545011
1655,3,631610272,False,0.999510824680328,7090,2840,6820,0.0633560196835457,0.00167438685857046,1.76735209145144,1055.52195563715,0.00795011056054687,100141599,10703,452097622016.0,3875977728.0,6850217344.0,6489886.171875,4.7480727168
1656,3,631606765,False,0.696188628673553,10210,2170,9150,0.454107678626869,0.0650564266487739,36.2580328224262,557.332068331631,0.0569828450320801,100141599,425,124079141696.0,715019416.0,25925197454.0,46516608.1894531,0.8758987846
1657,3,631609125,False,0.247903764247894,9370,3600,10170,0.000338417595481411,0.000115630376169599,0.0350880384667584,303.450007075076,4.24656932861328e-05,100141599,888,26695588864.0,299799008.0,10519359.125,34665.8720703125,0.3672537848
1658,1,631602241,False,0.216606393456459,8710,6410,5180,0.000562898729755058,0.000132775807287544,0.0241960063576698,182.232040405273,7.0634284765625e-05,100141599,931,44719407104.0,434270688.0,10507616.0,57660.640625,0.5319815928
1659,1,631605673,False,0.0,0,0,0,0.0,0.0,0.0,0.0,0.0,100141599,187,1636068224.0,245393104.0,0.0,0.0,0.3006065524
1660,2,631597709,False,1.0,8790,6120,6610,0.395167035772762,0.00538351060822606,6.72601938247681,1249.37426757812,0.0495867897,100141599,771,791753121216.0,7519073792.0,50573434880.0,40479012.0,9.2108653952
1661,2,631595733,False,1.0,8050,600,7520,0.819646262801855,0.664836823940277,1578.36071777344,2374.05737304688,0.1028517644,100141599,41,215331618816.0,126287568.0,199327334400.0,83960624.0,0.1547022708
1662,1,631602616,False,0.0,0,0,0,0.0,0.0,0.0,0.0,0.0,100141599,854,24236662784.0,440530208.0,0.0,0.0,0.5396495048
1663,3,631606975,False,1.0,8020,820,7690,0.280664343240396,0.342361184636309,1005.33282340603,2936.46846815883,0.0352186354242187,100141599,501,94918405632.0,83975368.0,84423193808.0,28749906.46875,0.1028698258
1664,2,631596774,True,1.0,7820,790,7540,0.265804153024042,1.0,7191.337890625,7191.337890625,0.0333539325,100141599,433,195803594752.0,27227700.0,195803594752.0,27227700.0,0.0333539325
1665,1,631600746,False,0.0219797752797604,8430,5590,5360,5.03117676051751e-06,1.84684522537282e-05,0.00336110941134393,181.991928100586,6.3132772064209e-07,100141599,607344846,2946196736.0,27905400.0,93793.1015625,515.369567871094,0.034184115
1666,1,631600485,False,0.362160384654999,9420,1820,3860,0.00953094059957125,0.00664218654856086,2.64124751091003,397.647308349609,0.00119597209375,100141599,484682508,19945269248.0,146985296.0,388224544.0,976303.75,0.1800569876
1667,1,631602352,False,0.293464064598083,2810,3110,4940,0.000764880854283274,0.000932520197238773,0.396423906087875,425.110290527344,9.597963046875e-05,100141599,910,8808927232.0,84020400.0,33307696.0,78350.71875,0.10292499
1668,1,631602032,False,0.112391576170921,10600,3300,4500,4.39338558165705e-05,7.48755610402441e-06,0.00127129629254341,169.787887573242,5.51295698242187e-06,100141599,976,69299798016.0,601046976.0,764108.8125,4500.373046875,0.7362825456
1669,3,631606750,False,0.736250162124634,8870,1380,9500,0.136226706873073,0.0837432705862337,58.0296844566389,692.947433870325,0.0170941512164062,100141599,421,29907891200.0,166633200.0,9669672016.0,13954409.15625,0.20412567
1670,2,631599791,False,0.211051657795906,10870,6700,6280,0.000513596025962355,4.45589794253465e-05,0.0156405065208673,351.0068359375,6.44476280273437e-05,100141599,1048,87417200640.0,1180689280.0,18466578.0,52610.30859375,1.446344368
1671,3,631609646,False,0.00223207683302462,7670,6750,6450,2.24433816699768e-08,1.30981920683415e-08,2.50557484165388e-06,191.29165525904,2.81626539230347e-09,100141599,1004,13876343296.0,175519808.0,439.778015136719,2.29899215698242,0.2150117648
1672,1,631605590,False,0.0,0,0,0,0.0,0.0,0.0,0.0,0.0,100141599,223,3170237952.0,128221200.0,0.0,0.0,0.15707097
1673,3,631606293,False,0.61052393913269,7940,2200,10220,0.0277447961502783,0.00668736276792572,2.68455601486351,401.437174567427,0.00348150338320312,100141599,251,62751098880.0,424987200.0,1140901944.0,2842043.578125,0.52060932
1674,3,631606319,False,0.66863340139389,8950,1990,9730,0.0876826931302543,0.0851138638478567,54.9648198561882,645.779869122606,0.0110026972671875,100141599,312782582,21584246272.0,105526800.0,5800261552.0,8981793.6875,0.12927033
1675,3,631606672,True,1.0,7900,580,7380,0.552360821126535,0.998854358141325,7312.94148646011,7321.32910754686,0.069311955189175,100141599,394,414275597693.625,56646084.0345306,414249497981.625,56581187.9095306,0.0693914529423
1676,1,631605847,False,0.0,0,0,0,0.0,0.0,0.0,0.0,0.0,100141599,114,18664601600.0,151872304.0,0.0,0.0,0.1860435724
1677,2,631595607,False,1.0,7210,1750,8360,51.2977631365248,0.0260087823898712,39.838414625513,1531.72932236257,6.43700299483988,100141599,8,34229814798355.1,202035460313.0,8048772437005.67,5254696322.31827,247.493438883425
1678,2,631595950,False,0.0,0,0,0,0.0,0.0,0.0,0.0,0.0,100141599,115,432487040.0,3266100.0,0.0,0.0,0.0040009725
1679,1,631596430,False,0.446849435567856,6860,440,4380,0.00678054799716508,0.00643992144614458,2.21597146987915,344.099151611328,0.00085084426875,100141599,312782550,10569902080.0,107853296.0,238999824.0,694566.75,0.1321202876
1680,1,631601205,False,0.146116644144058,7640,2940,5610,5.84585974354084e-05,0.000919129059184343,0.134165957570076,145.970748901367,7.33556677246094e-06,100141599,599626923,327007136.0,6515100.0,874104.625,5988.2177734375,0.0079809975
1681,1,631603215,False,0.0,0,0,0,0.0,0.0,0.0,0.0,0.0,100141599,689,1808114944.0,29441700.0,0.0,0.0,0.0360660825
1682,2,631595801,False,0.178507417440414,10190,4730,5860,3.66634030108525e-05,5.59754553250968e-05,0.0213382635265589,381.20751953125,4.60063793334961e-06,100141599,62,1841495680.0,67094100.0,1431671.625,3755.62280273438,0.0821902725
1683,1,631606003,False,0.0568662993609905,10440,2620,4950,1.25542464700921e-05,6.42836105529712e-07,0.000120922863798084,188.108388371311,1.57534592514038e-06,100141599,4,382916165632.0,2000504736.0,241906.76171875,1285.99667358398,2.4506183016
1684,1,631602002,False,0.998610615730286,7980,1210,4590,0.9862411629628,0.0161925398096892,12.9819345181197,801.723180594043,0.123756611038381,100141599,983,451688212896.0,6239033908.0,80994729649.9844,101025804.929291,7.6428165373
1685,3,631606073,True,1.0,8050,560,7310,0.0508120919492999,0.999964266039337,7578.4324583476,7578.70327543232,0.0063760594625,100141599,41,39447822336.0,5205132.5,39446745088.0,5204946.5,0.0063762873125
1686,1,631603145,False,0.117037415504456,6130,2340,2100,5.23790223751236e-06,2.10150665225228e-06,0.00084278080612421,401.036468505859,6.57268276977539e-07,100141599,702,12303731712.0,255314704.0,215174.328125,536.545532226562,0.3127605124
1687,3,631607158,False,1.0,8290,740,7290,0.904499423659266,0.394290325728126,1513.56201774079,3838.69935166615,0.11349940315,100141599,565,381908951040.0,234985664.0,355665375744.0,92652574.0,0.2878574384
1688,1,631603354,False,0.236225664615631,13040,5490,5330,0.000234138850530552,6.27899935352616e-05,0.0189988575875759,302.577789306641,2.93804717773437e-05,100141599,651,47712120832.0,381972608.0,7257043.5,23984.05859375,0.4679164448
1689,3,631608539,False,0.259225994348526,4340,4000,8510,0.000257702834294938,0.000745499521139747,0.223427518596652,299.701760042807,3.23373538085937e-05,100141599,662,1833663872.0,35409600.0,7911479.0625,26397.83984375,0.04337676
1690,2,631600177,False,0.958444118499756,7340,2050,8550,0.131208694290034,0.00704360395283736,7.06435974323502,1002.94675716247,0.0164644753777307,100141599,1099,121001524320.0,1908169192.0,13479993623.2461,13440388.0634537,2.3375072602
1691,1,631602445,False,0.725368976593018,7930,1360,3520,0.245036063191389,0.0235469287196818,8.66318013662142,367.911256697366,0.0307478879421875,100141599,896,91290978304.0,1065969876.0,9234689056.0,25100316.6875,1.3058130981
1692,1,631603295,False,0.0,0,0,0,0.0,0.0,0.0,0.0,0.0,100141599,667,12637930496.0,104673600.0,0.0,0.0,0.12822516
1693,3,631609904,False,0.725760221481323,8310,1390,9640,0.115477449984189,0.111485794908334,87.942075119601,788.818657945693,0.014490469875,100141599,1074,24035115008.0,106102800.0,9330900408.0,11828955.0,0.12997593
1694,3,631608351,False,0.482902586460114,7800,3490,9800,0.0105114359779956,0.025979997210158,7.72981927856195,297.529642364227,0.00131900770585937,100141599,598,4127047424.0,41445000.0,320362360.0,1076740.984375,0.050770125
1695,3,631606310,False,0.771349370479584,8890,1940,9570,0.0403929962515859,0.0802956004641192,60.5239008429975,753.763599663759,0.00506863890244141,100141599,312782586,11899549184.0,51530400.0,3118820820.0,4137664.41015625,0.06312474
1696,2,631596154,False,0.0,0,0,0,0.0,0.0,0.0,0.0,0.0,100141599,197,2149757184.0,25048800.0,0.0,0.0,0.03068478
1697,3,631610187,False,0.236633703112602,3150,2890,4510,0.000568409149710007,0.00057648729564316,0.255560030811942,443.305572808549,7.13257494140625e-05,100141599,526157196,9966793728.0,100999800.0,25811512.0,58225.1015625,0.123724755
1698,2,631597751,False,0.438717305660248,5880,3930,6280,0.0038394747753969,0.00322864460758865,0.986416816711426,305.520416259766,0.00048178924609375,100141599,802,5114726912.0,121815000.0,120160368.0,393297.34375,0.149223375
1699,3,631609908,False,0.576616764068604,6240,5090,6430,0.0236870907149735,0.0178160160712922,8.05036710046728,451.861239249734,0.00297232987460937,100141599,1077,18432568832.0,136191600.0,1096392376.0,2426391.734375,0.16683471
1700,2,631599062,False,0.0,0,0,0,0.0,0.0,0.0,0.0,0.0,100141599,911,254524384.0,3061800.0,0.0,0.0,0.003750705
1701,2,631597265,False,0.295081317424774,7460,4500,5870,0.00104794053606893,0.00179861451033503,0.600140750408173,333.668334960938,0.000131498840429687,100141599,609,5836579328.0,59682600.0,35817960.0,107345.9921875,0.073111185
1702,1,631602100,False,0.0,0,0,0,0.0,0.0,0.0,0.0,0.0,100141599,963,153720784.0,25594200.0,0.0,0.0,0.031352895
1703,1,631602732,False,0.330506831407547,5150,2390,4990,0.00156852280074774,0.00575309759005904,2.21740651130676,385.428283691406,0.0001968231234375,100141599,819,2845405696.0,27927900.0,61927508.0,160671.9375,0.0342116775
1704,2,631598864,False,0.38571161031723,10240,4270,5720,0.000717685618614265,0.00106852862518281,0.471798479557037,441.540313720703,9.0057425390625e-05,100141599,872,7936355840.0,68801400.0,32460396.0,73516.265625,0.084281715
1705,2,631598852,False,0.210167780518532,9850,4500,7390,6.0719921409616e-05,1.23226782307029e-05,0.0079974140971899,648.999694824219,7.61932474365234e-06,100141599,867,58097619968.0,504748800.0,4036685.25,6219.85693359375,0.61831728
1706,1,631605624,False,0.0,0,0,0,0.0,0.0,0.0,0.0,0.0,100141599,209,14650997760.0,129404704.0,0.0,0.0,0.1585207624
1707,1,631605993,False,0.301711142063141,8330,2350,5090,0.00128824117112551,0.000143924713484012,0.0584822073578835,406.3388671875,0.000161652512109375,100141599,10,149919268864.0,916876800.0,53620980.0,131961.234375,1.12317408
1708,3,631606205,False,0.0361379273235798,9130,5420,3050,5.1195889379609e-06,1.38297796828897e-06,0.000225670190480022,163.176996058168,6.42421955871582e-07,100141599,589508447,38069833728.0,379200608.0,85574.2734375,524.426086425781,0.4645207448
1709,2,631597793,False,0.639407634735107,3720,3630,6230,0.00376856591867196,0.00255153886973858,0.967390775680542,379.14013671875,0.00047289138203125,100141599,827,17215983616.0,151294496.0,146360896.0,386033.78125,0.1853357576
1710,3,631609388,False,0.579428672790527,9030,3580,8040,0.00859962976495758,0.00069364598682512,0.176039880344463,253.789229215055,0.00107910831129656,100141599,948,69648052960.0,1269963008.0,223564135.970215,880904.743915558,1.5557046848
1711,3,631606219,False,0.3365598320961,1870,2840,6210,0.00118626528661091,0.000138638816958838,0.053051748620355,382.661579087955,0.000148856260696328,100141599,184,99114868232.0,876488400.0,46499242.2654572,121515.314854145,1.07369829
1712,3,631609328,False,0.243100523948669,12460,2480,5830,0.00111682589544387,3.8117916627169e-05,0.0117813034546492,309.075219663289,0.000140142789746094,100141599,936,499901841408.0,3001273088.0,35358909.0,114402.27734375,3.6765595328
1713,3,631609963,False,0.396982282400131,6010,1190,7560,0.000766116086482002,0.000319608775050745,0.147292271452169,460.85177551456,9.613463125e-05,100141599,1094,39115243520.0,245541600.0,36166380.0,78477.25,0.30078846
1714,1,631601333,False,0.0,0,0,0,0.0,0.0,0.0,0.0,0.0,100141599,1109,6963529728.0,43501500.0,0.0,0.0,0.0532893375
1715,2,631595838,False,1.0,8490,1930,9220,0.305465463151189,0.335846126079559,423.898803710938,1262.181640625,0.03833075715,100141599,74,58205196288.0,93168896.0,39494184960.0,31290414.0,0.1141318976
1716,1,631603489,False,0.0427244156599045,7010,6720,4430,2.84364777610896e-06,1.23717597944051e-06,0.000311919895466417,252.122497558594,3.56829774475098e-07,100141599,614,13704975360.0,235447200.0,73440.6640625,291.289611816406,0.28842282
1717,2,631597139,False,0.0,0,0,0,0.0,0.0,0.0,0.0,0.0,100141599,576,279470144.0,2532600.0,0.0,0.0,0.003102435
1718,2,631600603,False,0.591961145401001,6920,1620,7950,0.00773332966448909,0.0716586709022522,35.7369956970215,498.711364746094,0.000970402278125,100141599,182305713,1457779200.0,11054700.0,395061760.0,792165.125,0.0135420075
1719,1,631601800,False,0.175441935658455,10990,4400,2790,0.000187216272005929,1.70047969731968e-05,0.00482151750475168,283.538665771484,2.34924805664062e-05,100141599,1033,212441284608.0,1127772032.0,5437572.5,19177.53515625,1.3815207392
1720,1,631602234,False,0.0,0,0,0,0.0,0.0,0.0,0.0,0.0,100141599,182305701,7388629504.0,84568496.0,0.0,0.0,0.1035964076
1721,1,631604734,False,0.648681223392487,8320,1080,4300,0.0213043575480417,0.173224434256554,107.884864807129,622.803955078125,0.0026733371,100141599,469,3040431104.0,12598200.0,1359155072.0,2182316.0,0.015432795
1722,2,631599140,False,0.553217113018036,5860,1890,6420,0.00844130289241557,0.0777441933751106,36.6294136047363,471.153045654297,0.0010592409625,100141599,927,1510855424.0,11122200.0,407399680.0,864686.5,0.013624695
1723,2,631600073,False,0.798188745975494,8010,3830,7610,0.0460006743064876,0.0418333522975445,53.5031661987305,1278.95959472656,0.0057723078,100141599,1088,22391166976.0,112639504.0,6026570240.0,4712088.0,0.1379833924
1724,1,631605407,False,0.105288296937943,5810,2650,5690,3.55881613366646e-05,2.2729871591941e-06,0.000521979886016242,229.644889943555,4.46571326112747e-06,100141599,275,142233362816.0,1603827896.0,837165.90234375,3645.48021316528,1.9646891726
1725,2,631596124,False,0.03246945515275,4570,4560,9800,8.96449380909002e-06,5.07682943862164e-06,0.000815957318991423,160.721832275391,1.12489258728027e-06,100141599,180,17663025152.0,180876608.0,147587.59375,918.279663085938,0.2215738448
1726,2,631596178,False,0.00127791555132717,12660,4870,5810,5.28099073209731e-08,2.27745488246001e-07,7.8623003219036e-07,3.45223093032837,6.6267515540123e-09,100141599,207,926235264.0,23752800.0,18.6751651763916,5.40959310531616,0.02909718
1727,1,631605953,False,0.0,0,0,0,0.0,0.0,0.0,0.0,0.0,100141599,35,2024216320.0,14639400.0,0.0,0.0,0.017933265
1728,3,631609952,False,0.134178638458252,10160,4060,7710,0.000900659078516503,1.52413951069982e-05,0.00273320698937032,179.327874527401,0.0001130175046875,100141599,1091,991145525248.0,6053198336.0,16544644.0,92259.1875,7.4151679616
1729,2,631600799,False,0.0,0,0,0,0.0,0.0,0.0,0.0,0.0,100141599,549009215,20644446208.0,144636304.0,0.0,0.0,0.1771794724
1730,2,631597412,False,0.243100523948669,12460,2480,5830,0.000954058013193233,1.071223691777e-05,0.0027520633988744,256.908376840427,0.0001197181692276,100141599,645,1529726277120.0,9123128856.0,25107429.0078125,97729.1177368164,11.1758328486
1731,2,631600550,False,0.510624647140503,6040,3190,9080,0.00448432425168103,0.0190743636339903,7.55155849456787,395.900970458984,0.000562706965625,100141599,929,2489491200.0,24082200.0,181858144.0,459352.625,0.029500695
1732,3,631609283,False,0.862860858440399,9860,4220,9470,0.257747946315622,0.00584523544856755,2.55050819751069,436.339685535803,0.0323430146053711,100141599,926,514161451008.0,4516920000.0,11520441487.5,26402460.9023438,5.533227
1733,2,631597251,False,0.357742607593536,2650,6020,6140,0.00136845911476774,0.000434079352999106,0.14901115000248,343.280914306641,0.000171718509375,100141599,605,49143717888.0,322932608.0,48120560.0,140178.375,0.3955924448
1734,2,631600813,False,0.0,0,0,0,0.0,0.0,0.0,0.0,0.0,100141599,549009219,886012864.0,6260400.0,0.0,0.0,0.00766899
1735,3,631606397,False,0.52248877286911,6990,5450,8990,0.000497574120150314,2.98020684691654e-05,0.0100027281096727,335.638719843287,6.24371494140625e-05,100141599,295,197615122432.0,1710253824.0,17107204.0,50969.1015625,2.0950609344
1736,2,631596225,False,0.0586009360849857,11690,4620,7270,1.49076366207333e-05,4.53028360425378e-06,0.000949845241848379,209.665740966797,1.87065664672852e-06,100141599,225,41377726464.0,337079712.0,320173.5625,1527.06665039062,0.4129226472
1737,3,631608523,False,0.83241194486618,5180,930,6020,0.302275988669672,0.0148266358349551,8.5235240257804,574.879164812656,0.0379305319640625,100141599,656,115166603264.0,2088383360.0,17800385744.0,30963699.5625,2.558269616
1738,1,631602767,False,0.0910035446286201,7700,1770,1470,5.15367763526726e-05,5.4660908972437e-06,0.00170701381284744,312.29150390625,6.4669951171875e-06,100141599,806,75472330752.0,965805312.0,1648643.0,5279.1796875,1.1831115072
1739,2,631596791,False,0.00133751647081226,11620,6320,7770,1.83426853064778e-08,2.25895169236878e-09,3.48380552850358e-07,154.222229003906,2.30169724822044e-09,100141599,437,100682653696.0,831773696.0,289.773773193359,1.87893652915955,1.0189227776
1740,2,631599572,False,0.730230450630188,7680,2400,9380,0.182879012382636,0.0342678197208147,16.0397896436914,468.07149606745,0.022948227728125,100141599,1011,88938156288.0,546671696.0,8768499008.0,18733247.125,0.6696728276
1741,1,631605975,False,0.825934827327728,8140,1730,2570,0.198170087069655,0.0183611560510332,7.68186909217006,418.376112637951,0.0248669993769531,100141599,22,155861048576.0,1105572616.0,8492864108.0,20299591.328125,1.3543264546
1742,2,631598940,False,0.582246959209442,7430,2460,9250,0.015915144104318,0.0174144096672535,6.23693370819092,358.147857666016,0.001997081821875,100141599,893,9160567808.0,93616200.0,583878016.0,1630270.875,0.114679845
1743,2,631597230,False,0.619642496109009,7950,1720,9810,0.0413476836588806,0.0287519656121731,13.5658149719238,471.822174072266,0.00518843605,100141599,600,23502872576.0,147310208.0,1998382976.0,4235458.0,0.1804550048
1744,1,631605741,False,0.338126957416534,6250,3460,4150,0.00182250029950533,0.000408134917961434,0.173826575279236,425.904693603516,0.000228693010546875,100141599,155,60045017088.0,457417792.0,79511368.0,186688.171875,0.5603367952
1745,1,631605947,False,0.491535633802414,5250,1950,4990,0.0693894167862471,0.00504429539405463,2.13525572597547,423.301087500178,0.008707200009375,100141599,39,191629106816.0,1409100344.0,3008789578.0,7107918.375,1.7261479214
1746,2,631600329,False,0.0107035730034113,11550,5690,8200,1.6860680460971e-06,4.41817519458709e-07,6.24877138761804e-05,141.433303833008,2.11573066711426e-07,100141599,1123,4091117952.0,390914112.0,24427.328125,172.712707519531,0.4788697872
1747,3,631609526,False,0.77303946018219,8400,4340,10050,0.0179102485027883,0.00524823667319494,1.78468855317176,340.054891633785,0.00224743373203125,100141599,977,35679444992.0,349572608.0,623878232.0,1834639.78125,0.4282264448
1748,1,631604922,False,0.575363039970398,8880,1990,2270,0.0855343183505217,0.0158861930361443,6.90124520048549,434.417810785993,0.0107331125125,100141599,409,82580545536.0,551530784.0,3806249176.0,8761724.5,0.6756252104
1749,3,631606075,False,1.0,8050,600,7520,0.840584869590701,0.334026625008759,776.573543471162,2324.88515983059,0.10547920595625,100141599,41,232344677376.0,257780272.0,200185339264.0,86105474.25,0.3157808332
1750,3,631606028,False,0.0469696335494518,8470,5080,5760,2.40898426308361e-05,3.15893679821268e-05,0.00730722397915573,231.319093920782,3.02286843867279e-06,100141599,12,10152032256.0,78116400.0,570814.031245321,2467.64770503901,0.09569259
1751,3,631606511,False,0.456408739089966,8450,4340,10050,0.00464040052282917,0.00979990203248764,3.37940365449875,344.840554864293,0.000582291901953125,100141599,335,4807531008.0,48504600.0,163916622.5,475340.328125,0.059418135
1752,1,631605216,False,0.537071108818054,6830,1810,3310,0.0315719863675685,0.00114298691190304,0.425244880674272,372.047025425909,0.00396175112470703,100141599,329,351279729664.0,2829500948.0,1203230793.0,3234082.55078125,3.4661386613
1753,3,631606195,False,0.0,0,0,0,0.0,0.0,0.0,0.0,0.0,100141599,148,9128138736.0,131967000.0,0.0,0.0,0.161659575
1754,3,631609059,False,0.392104059457779,9130,5050,6850,0.000373816677303612,7.0226371032958e-05,0.0291733496324532,415.418726659845,4.69076802612305e-05,100141599,863,19618598400.0,545265024.0,15907207.1875,38291.9838867188,0.6679496544
1755,1,631602879,False,0.713508784770966,8110,1230,2970,0.168111459700052,0.0246461890637875,13.0957183837891,531.3486328125,0.02109514925,100141599,778,125171441664.0,698709632.0,9150104576.0,17220530.0,0.8559192992
1756,1,631597114,False,0.415199935436249,4090,2610,5570,0.00575359504458237,0.00273860921151936,0.957499206066132,349.629730224609,0.000721979015625,100141599,588,27085371392.0,215208000.0,206061488.0,589370.625,0.2636298
1757,2,631596480,False,0.0,0,0,0,0.0,0.0,0.0,0.0,0.0,100141599,319,68709939200.0,668334592.0,0.0,0.0,0.8187098752
1758,1,631605683,False,0.611204862594604,6150,4920,5540,0.0268887029010785,0.014437360689044,5.53384876251221,383.300567626953,0.0033740781375,100141599,181,24172685312.0,190779296.0,1055743744.0,2754349.5,0.2337046376
1759,3,631606775,False,0.167891517281532,5510,4980,5900,5.18645274004629e-05,0.000708650517498666,0.259843804188342,366.674119007937,6.50812233886719e-06,100141599,428,594145696.0,7497000.0,1948049.0,5312.7529296875,0.009183825
1760,2,631599709,False,0.450232326984406,7180,2400,9900,0.00226266502788545,0.00044129099114798,0.211479634046555,479.229431152344,0.00028392625078125,100141599,1035,104813199360.0,525223808.0,111074136.0,231776.53125,0.6433991648
1761,1,631605053,False,0.488629192113876,6440,4670,5120,0.017226047317001,0.0128004215657711,5.37503480911255,419.910766601562,0.0021615780375,100141599,366,20073641984.0,137851200.0,740955008.0,1764553.5,0.16886772
1762,2,631596072,False,0.0907967537641525,11010,5060,5860,2.95276866884069e-05,2.45283299743575e-05,0.00782057849479324,318.838604298339,3.70522603759766e-06,100141599,154,18701088768.0,123313504.0,964382.9375,3024.67431640625,0.1510590424
1763,1,631603610,False,0.639579653739929,8310,980,4030,0.0683781981719903,0.0542114339768887,29.1915016174316,538.474975585938,0.00858030915,100141599,565,22564872192.0,129204000.0,3771658752.0,7004334.0,0.1582749
1764,2,631596115,False,0.0,0,0,0,0.0,0.0,0.0,0.0,0.0,100141599,173,4303279104.0,67648496.0,0.0,0.0,0.0828694076
1765,1,631596089,False,0.0361379273235798,9130,5420,3050,5.1195889379609e-06,2.76595596915286e-06,0.000451340369181708,163.177001953125,6.42421955871582e-07,100141599,589508447,19177185280.0,189600304.0,85574.2734375,524.426086425781,0.2322603724
1766,2,631596747,False,0.473091691732407,6290,1940,6830,0.00138862964203359,0.000664171180687845,0.499352872371674,751.843627929688,0.000174249569921875,100141599,423,34130391040.0,214168496.0,106945656.0,142244.546875,0.2623564076
1767,3,631606059,False,0.980840444564819,4840,1810,5810,2.44258764302839,0.0501831464063642,37.6177256875476,749.608750773286,0.30650350058125,100141599,31,905175648640.0,4985875880.0,187557311166.0,250206939.25,6.107697953
1768,2,631598916,False,0.357612013816833,7720,4980,9580,0.000620724543345763,0.000864238769281656,0.256057113409042,296.280517578125,7.78904478515625e-05,100141599,884,5029905408.0,73572304.0,18838712.0,63584.0390625,0.0901260724
1769,2,631599361,False,0.796659827232361,8750,1680,9500,0.166830513232488,0.125920996069908,73.5599517822266,584.175476074219,0.0209344121,100141599,973,30618122240.0,135714592.0,9983159296.0,17089316.0,0.1662503752
1770,2,631596945,False,0.0059326346963644,11490,4730,7640,2.63846024092311e-07,5.0700882638921e-06,0.000765583361499012,151.000015258789,3.31082203865051e-08,100141599,506,344823360.0,5330700.0,4081.09521484375,27.0271186828613,0.0065301075
1771,1,631605986,False,0.390042871236801,6150,4270,5400,0.00242352359094451,0.00239909114316106,0.886341035366058,369.448669433594,0.000304111283984375,100141599,15,11743995904.0,103478400.0,91717152.0,248254.109375,0.12676104
1772,2,631597479,False,0.000266870192717761,8580,6780,9010,5.59672559936694e-09,9.83528480880125e-10,6.09787704775044e-08,62.0000076293945,7.0229454934597e-10,100141599,663,49202618368.0,582902976.0,35.5447082519531,0.573301672935486,0.7140561456
1773,3,631609848,False,0.799534440040588,3530,3640,6540,0.0230447126182996,0.0127897820503131,4.90955495090167,383.865411590927,0.00289172227148437,100141599,1054,20869853184.0,184568400.0,906148702.0,2360589.609375,0.22609629
1774,2,631599210,False,0.605134248733521,6610,1900,8060,0.0280575370218647,0.0217134673148394,10.9357128143311,503.637329101562,0.00352074708125,100141599,182305709,19449034752.0,132363904.0,1447493632.0,2874079.25,0.1621457824
1775,3,631606937,False,0.511366367340088,2190,3380,5990,0.0137661579624401,0.00372306284460545,1.35112454135333,362.906724314645,0.0017274203515625,100141599,484,54148279296.0,378757792.0,511748948.0,1410139.0625,0.4639782952
1776,2,631597017,False,0.0278873108327389,10030,4830,7370,5.90557559071606e-06,5.17838361702161e-06,0.00115618493873626,223.271408081055,7.41050007629394e-07,100141599,534,18121662464.0,116820000.0,135065.53125,604.938781738281,0.1431045
1777,3,631610135,False,0.999621629714966,7450,4370,8250,0.115186960833759,0.0321783222487848,44.3184222606207,1377.2757298524,0.0144540183921875,100141599,484682524,45563250688.0,366681600.0,16250749984.0,11799198.6875,0.44918496
1778,3,631609338,False,0.179526016116142,11080,5300,5430,0.000271540793378501,3.2635544835107e-05,0.00911033494724381,279.153756840105,3.40737839883327e-05,100141599,938,53462166528.0,852301808.0,7764754.94702148,27815.3338680267,1.0440697148
1779,1,631602772,False,0.433869659900665,8060,430,3880,0.0116769632824276,0.0139421513304114,4.88096714019775,350.087097167969,0.0014652617,100141599,805,9066331136.0,85792496.0,418750368.0,1196132.0,0.1050958076
1780,2,631596027,False,0.0124439327046275,12250,6760,7000,1.61344790709447e-06,8.52384007340557e-06,0.00132279141830543,155.187263828723,2.02460465621948e-07,100141599,135,1965671104.0,19389600.0,25648.396484375,165.273849487305,0.02375226
1781,1,631601473,False,0.615903794765472,9470,1710,3500,0.145675176732714,0.000777667562942952,0.297952204942703,383.135681152344,0.018279774625,100141599,1089,2281122258944.0,19188488192.0,5717252096.0,14922265.0,23.5058980352
1782,1,631605149,False,0.688683271408081,9670,5650,5690,0.158045803584983,0.00030007528846633,0.117719278220698,392.299142066498,0.0198320793889363,100141599,343,6199767567096.0,53951302172.0,6351108350.75462,16189452.562397,66.0903451607
1783,2,631599371,False,0.0577083416283131,8180,4440,5700,1.52186087673307e-05,0.000136077826027758,0.0560795068740845,412.113494873047,1.9096783996582e-06,100141599,975,1423227648.0,11456100.0,642452.4375,1558.92114257812,0.0140337225
1784,2,631596511,False,1.0,7210,1750,8360,0.705839688746116,0.0255532077312455,25.9429945750278,1015.25393006944,0.0885709612375,100141599,329,543198777344.0,2829500948.0,73405727744.0,72302825.5,3.4661386613
1785,3,631608842,False,1.0,8630,1060,7580,1.9346324453867,0.141814597168742,225.485121739384,1589.99938117149,0.24276370125,100141599,778,554519306240.0,1397419264.0,315097252864.0,198174450.0,1.7118385984
1786,3,631607079,False,0.19185833632946,9540,3430,10410,0.000358984214450282,0.000184657677752583,0.0418625405615379,226.703493031188,4.5046456652832e-05,100141599,540,16090321920.0,199139392.0,8336480.875,36772.6176757812,0.2439457552
1787,2,631597026,False,0.0,0,0,0,0.0,0.0,0.0,0.0,0.0,100141599,538,3415802112.0,70977600.0,0.0,0.0,0.08694756
1788,1,631601299,False,0.0,0,0,0,0.0,0.0,0.0,0.0,0.0,100141599,1116,256540608.0,13062600.0,0.0,0.0,0.016001685
1789,3,631610195,False,0.199188768863678,3410,3170,6960,1.83348952167329e-05,0.00221530850413386,0.781643076197216,352.837121664381,2.30071972351074e-06,100141599,526322264,69005832.0,847800.0,662677.0,1878.13854980469,0.001038555
1790,2,631605402,False,1.0,7650,1230,7670,0.0730116935668368,0.422254234552383,2195.98266601562,5200.6171875,0.009161734575,100141599,312782570,41682108416.0,17712000.0,38895243264.0,7478967.0,0.0216972
1791,2,631596190,False,0.869435787200928,4610,1620,5840,0.296141968343981,0.111551128327847,91.969970703125,824.464721679688,0.037160816,100141599,211,67180810240.0,271941312.0,25010434048.0,30335360.0,0.3331281072
1792,2,631596953,False,0.529583692550659,6770,1540,7530,0.0171685353451304,0.0784388706088066,42.905200958252,546.989013671875,0.00215436125625,100141599,510,2995132928.0,22420800.0,961968960.0,1758662.25,0.02746548
1793,2,631599161,False,1.0,8790,6120,6610,0.208334256536151,0.0491416081786156,80.7826309204102,1643.87426757812,0.026142431,100141599,931,88931024896.0,434270688.0,35081527296.0,21340760.0,0.5319815928
1794,2,631601019,False,0.999510824680328,7090,2840,6820,0.0852319280112761,0.000818098041908274,0.861231922394106,1052.72458590075,0.0106951676314697,100141599,1080,1317115235840.0,10672008292.0,9191074217.125,8730749.08691406,13.0732101577
1795,3,631609014,False,0.018196502700448,10890,4460,8460,1.11378272383101e-06,3.78427856816359e-07,7.59630140969005e-05,200.733145640923,1.39760923099518e-07,100141599,846,68384200704.0,301485600.0,22901.7548828125,114.090549468994,0.36931986
1796,1,631604947,False,0.0,0,0,0,0.0,0.0,0.0,0.0,0.0,100141599,398,42151479296.0,404388912.0,0.0,0.0,0.4953764172
1797,2,631596617,False,0.236270010471344,7430,5510,6730,0.000324722417991097,0.000443934695795178,0.142937541007996,321.978759765625,4.07471797851562e-05,100141599,364,8421762560.0,74927696.0,10709981.0,33263.00390625,0.0917864276
1798,2,631596133,False,0.507696866989136,7250,3110,6400,0.00308240099130322,0.00203545647673309,0.99510645866394,488.886108398438,0.00038678927109375,100141599,186,17430941696.0,155123104.0,154364000.0,315746.34375,0.1900258024
1799,2,631600585,False,0.297764986753464,4130,4630,6080,0.00299688747390905,0.000362499442417175,0.118984505534172,328.233642578125,0.00037605876875,100141599,258,75780382720.0,846861312.0,100763376.0,306986.75,1.0374051072
1800,1,631602078,False,0.371091514825821,5020,6830,2910,0.00252153373482534,4.67467642928707e-05,0.00756885213125193,161.911786745981,0.000316409901918387,100141599,967,152297238832.0,5525383444.0,41820810.2561035,258293.797484398,6.7685947189
1801,3,631609956,False,0.970939576625824,6190,3920,7270,0.0306837340280665,0.0315664890037822,36.789037728004,1165.44598050154,0.00385029045625,100141599,1092,17069191168.0,99570600.0,3663106560.0,3143094.25,0.121973985
1802,2,631597059,False,0.0,0,0,0,0.0,0.0,0.0,0.0,0.0,100141599,551,15056560128.0,116853296.0,0.0,0.0,0.1431452876
1803,2,631596112,False,0.631838381290436,3550,2600,5840,0.0206890978165468,0.00899051502346992,4.11902761459351,458.152618408203,0.00259613239375,100141599,171,25427771392.0,235725296.0,970959040.0,2119291.75,0.2887634876
1804,1,631604672,False,0.450085550546646,8620,1840,3520,0.00708489651998109,0.000768789323046803,0.302356481552124,393.289123535156,0.00088903486875,100141599,502,135626268672.0,944007296.0,285426720.0,725742.75,1.1564089376
1805,2,631599907,False,1.0,8790,6120,6610,0.406946676038047,0.00194307460545584,2.36880934953545,1219.10365298595,0.0510649356274154,100141599,1065,2089403102528.0,21453454036.0,50819142500.3059,41685661.7366656,26.2804811941
1806,1,631602065,False,0.179526016116142,11080,5300,5430,0.000221440616241628,0.000210638012504205,0.0613267756998539,291.147705078125,2.77870578125e-05,100141599,970,10610817024.0,107688600.0,6604194.5,22683.3125,0.131918535
1807,2,631596751,False,0.696188628673553,10210,2170,9150,0.412392192282645,0.118160355662286,67.4327465703393,570.688419075758,0.05174825595625,100141599,425,77553008704.0,357509708.0,24107861536.0,42243474.25,0.4379493923
1808,2,631605748,False,0.00733167491853237,11540,4240,7050,2.77841599923095e-07,7.42796260055911e-07,9.67757441685535e-05,130.285720825195,3.48644288063049e-08,100141599,589508455,4068452352.0,38315700.0,3708.0302734375,28.4607582092285,0.0469367325
1809,3,631606177,False,0.0,0,0,0,0.0,0.0,0.0,0.0,0.0,100141599,126,4018791296.0,112102200.0,0.0,0.0,0.137325195
1810,3,631606201,False,0.730230450630188,7680,2400,9380,0.0701212148335838,0.0432484281827376,20.2835088362895,468.999907940829,0.00879902830625,100141599,156,24834076672.0,166084192.0,3368770176.0,7182880.25,0.2034531352
1811,3,631606081,False,0.655244708061218,6250,4760,6270,0.0144762011317865,0.00632737609501641,2.68373355002087,424.146361733521,0.00181651877863007,100141599,46,15213339136.0,234358200.0,628954964.0625,1482872.47235107,0.287088795
1812,3,631606086,False,0.741603374481201,8110,4240,7910,0.230143788510326,0.0163616907337434,10.8102016513377,660.701991453938,0.0288791589594665,100141599,51,202419732480.0,1440854984.0,15575932927.375,23574823.6403809,1.7650473554
1813,2,631595754,False,0.763019382953644,4010,3260,6200,0.685873385723597,0.064822971295969,39.0963604698577,603.12509112474,0.086065527384375,100141599,48,197610677760.0,1083837596.0,42374105344.0,70257573.375,1.3277010551
1814,1,631601382,False,0.0,0,0,0,0.0,0.0,0.0,0.0,0.0,100141599,1101,11642305536.0,679313728.0,0.0,0.0,0.8321593168
1815,1,631600854,False,0.0,0,0,0,0.0,0.0,0.0,0.0,0.0,100141599,1029,11817627648.0,92470496.0,0.0,0.0,0.1132763576
1816,3,631606261,False,0.999986588954926,8450,1910,9260,0.227449290853705,0.127561411796412,133.690746816956,1048.05007199455,0.02854104500625,100141599,233,57184888832.0,182647808.0,24418321856.0,23298812.25,0.2237435648
1817,2,631599185,False,0.346905529499054,5790,1940,8450,0.00289876995100969,0.00255780713632703,1.32000017166138,516.067138671875,0.0003637466765625,100141599,182305705,22281664512.0,116090096.0,153238944.0,296936.0625,0.1422103676
1818,3,631606296,False,0.991644442081451,8910,2180,9350,0.106538000429754,0.152825961075262,144.848002509467,947.797098675753,0.01336871991875,100141599,312782594,21779799552.0,71409600.0,10343537920.0,10913240.75,0.08747676
1819,2,631595719,False,0.0115457167848945,5960,5860,5740,2.77307241672879e-06,3.34434366777714e-06,0.000490763806737959,146.744430541992,3.4797375869751e-07,100141599,38,6499076608.0,84937504.0,41684.25390625,284.060211181641,0.1040484424
1820,2,631596011,False,0.202844455838203,7720,4940,9570,0.000405787734277436,0.000109927772427909,0.0351182110607624,319.466217041016,5.09195080078125e-05,100141599,131,42453352448.0,378129600.0,13279235.0,41566.9453125,0.46320876
1821,2,631600239,False,0.665656626224518,4570,2990,6750,0.0447407948171194,0.0122798811644316,5.25912809371948,428.271911621094,0.0056142142,100141599,1108,26184693760.0,373214688.0,1962783872.0,4583032.0,0.4571879928
1822,1,631601836,False,0.307713717222214,7330,3350,1390,0.00296710400907885,0.00111699814442545,0.415928214788437,372.362487792969,0.000372321446875,100141599,1023,37616771072.0,272100608.0,113174320.0,303935.875,0.3333232448
1823,1,631596420,False,0.476581275463104,7250,460,4040,0.0134360364372499,0.00716748647391796,2.60247993469238,363.095184326172,0.001685995675,100141599,312782554,23588044800.0,192023104.0,499736256.0,1376323.0,0.2352283024
1824,3,631606210,False,0.00231197336688638,9740,3980,6150,2.97886267368551e-08,2.09727120081243e-07,5.18728099934533e-05,247.334774698471,3.73796960711479e-09,100141599,606826663,1319169920.0,14549400.0,754.71826171875,3.05140376091003,0.017823015
1825,1,631603378,False,0.418998450040817,8460,2080,1340,0.00940472177295402,0.014568836428225,5.63644409179688,386.883636474609,0.0011801337625,100141599,643,8888955904.0,66125700.0,372713824.0,963374.5,0.0810039825
1826,3,631609055,False,0.650147438049316,7670,2400,9380,0.0639045965533844,0.00350839490575346,1.41708038281595,403.911310124201,0.00801894769375,100141599,862,211073392640.0,1865833216.0,2644035648.0,6546079.75,2.2856456896
1827,3,631608629,False,0.354231148958206,9370,3510,10020,0.0019389130023913,0.00131065972974332,0.466481077958403,355.913184308911,0.000243300838867187,100141599,692,16302724608.0,151536608.0,70688960.25,198612.9296875,0.1856323448
1828,2,631605475,False,0.991644442081451,8910,2180,9350,0.0923030613229493,0.264812618494034,274.241302490234,1035.60510253906,0.01158247545,100141599,312782594,17039110144.0,35704800.0,9791730688.0,9455082.0,0.04373838
1829,3,631608835,False,1.0,8160,660,7070,0.886730794268751,0.137642121710637,163.325990095925,1186.5988991312,0.111269740225,100141599,774,212628339423.25,659917472.0,107781674496.0,90832441.0,0.8083989032
1830,2,631596892,False,0.741566717624664,6370,1500,7090,0.208893517447592,0.0900465026497841,56.5532073974609,628.04443359375,0.0262126088,100141599,478,42197168128.0,237633296.0,13438924800.0,21398048.0,0.2911007876
1831,2,631596501,False,0.342301547527313,9500,4310,6440,0.000469658032621285,0.0001248406333616,0.049173429608345,393.889587402344,5.89341518554687e-05,100141599,326,12107498112.0,385367392.0,18949836.0,48109.51171875,0.4720750552
1832,3,631606152,False,0.0865430310368538,10310,6880,6540,8.44112484539359e-05,4.92148344521558e-05,0.0103954096065328,211.225125965601,1.05921862060547e-05,100141599,105,17068371968.0,175692608.0,1826396.625,8646.6826171875,0.2152234448
1833,2,631596918,False,0.0267690047621727,8440,6000,5740,1.71711903089192e-06,7.23658996449173e-07,0.00011276988212415,155.832902896925,2.15469440937042e-07,100141599,491,28416524416.0,243061196.0,27409.982421875,175.893421173096,0.2977499651
1834,2,631599195,False,0.0,0,0,0,0.0,0.0,0.0,0.0,0.0,100141599,939,885593024.0,9543600.0,0.0,0.0,0.01169091
1835,3,631607198,False,0.0,0,0,0,0.0,0.0,0.0,0.0,0.0,100141599,576,634627584.0,5065200.0,0.0,0.0,0.00620487
1836,1,631602294,False,0.474850833415985,6210,2130,3310,0.00393888777723709,0.000710291644371455,0.235991443185922,332.245838812807,0.00049426389901123,100141599,182305689,39909363136.0,568049388.0,134054794.875,403480.733886719,0.6958605003
1837,3,631606044,False,0.0,0,0,0,0.0,0.0,0.0,0.0,0.0,100141599,23,55793002496.0,444932992.0,0.0,0.0,0.5450429152
1838,2,631597809,False,0.0,0,0,0,0.0,0.0,0.0,0.0,0.0,100141599,839,9973115904.0,78387296.0,0.0,0.0,0.0960244376
1839,1,631602162,False,0.00702155288308859,12300,3480,5110,3.74909234024768e-07,6.83820218227993e-08,1.72428372025024e-05,252.154541015625,4.70447776794433e-08,100141599,951,122901839872.0,561608128.0,9683.7177734375,38.4039001464844,0.6879699568
1840,1,631603162,False,0.47468176484108,2970,4650,4850,0.0062669433910828,3.08121707348619e-05,0.00759649276733398,246.541946411133,0.0007863955640625,100141599,698,1967558472960.0,20834480128.0,158268976.0,641955.5625,25.5222381568
1841,3,631606170,False,0.0660601258277893,6580,5310,990,8.79369996766112e-05,2.37151984687216e-05,0.0038989307293381,164.406413654116,1.10346084442139e-05,100141599,120,28980107264.0,379834208.0,1480947.265625,9007.84362792969,0.4652969048
1842,3,631609303,False,0.513366222381592,7650,3820,6260,0.0243772191977593,0.00570899875104848,3.18069486642167,557.137075189852,0.00305892934481811,100141599,930,56784386048.0,437394592.0,1391218733.375,2497085.17944336,0.5358083752
1843,1,631602720,False,0.615903794765472,9470,1710,3500,0.125459058440127,0.00154333122845085,0.603845567777364,391.261160692954,0.0157429931741775,100141599,822,964094363648.0,8327067296.0,5028262679.27344,12851422.9993286,10.2006574376
1844,3,631606012,False,0.465493470430374,9750,2480,7480,0.00712164144217512,0.000182330666383407,0.0982646468380365,538.936476167999,0.000893645735964203,100141599,4,781767270400.0,4001009472.0,393157782.761719,729506.723236084,4.9012366032
1845,1,631605398,False,0.918292701244354,7890,1030,4560,0.0272803212346371,0.180720627307892,183.15657043457,1013.47906494141,0.003423219625,100141599,279,5103588864.0,15462900.0,2832131840.0,2794465.0,0.0189420525
1846,3,631609426,False,0.125092417001724,12820,4790,6470,0.000204037759194078,1.05966607328984e-05,0.00268402040422885,253.289264597861,2.56032931396484e-05,100141599,957,344838668288.0,1972380544.0,5293909.625,20900.6474609375,2.4161661664
1847,1,631603071,False,0.305889755487442,8080,6120,4160,0.00180130641180217,6.21535884342221e-05,0.0113389716318429,182.43470598392,0.000226033535546875,100141599,726,299845031936.0,2968729184.0,33662336.0,184517.171875,3.6366932504
1848,2,631596677,False,0.515296638011932,9610,2300,8750,0.0061558505913555,0.159200116991997,81.8035888671875,513.841247558594,0.00077245529375,100141599,393,819698752.0,3960900.0,324015840.0,630575.75,0.0048521025
1849,3,631608948,False,0.655244708061218,6250,4760,6270,0.0189215034829376,0.00262350314852293,1.04297376992955,397.550035538079,0.00237432915471163,100141599,824,46214086464.0,738793808.0,770542563.130371,1938227.88139725,0.9050224148
1850,2,631595993,False,0.0,0,0,0,0.0,0.0,0.0,0.0,0.0,100141599,126,2119489920.0,56051100.0,0.0,0.0,0.0686625975
1851,1,631605291,False,0.46039867401123,9160,1780,5620,0.00834993719935624,5.17338630743325e-05,0.0188528783619404,364.420471191406,0.0010477761109375,100141599,313,2253493934336.0,16533221376.0,311698816.0,855327.4375,20.2531961856
1852,3,631609835,False,0.0418690033257008,9900,5020,3070,4.32133867212504e-05,3.67796139395819e-06,0.000572062674445465,155.537976930698,5.42255027770996e-06,100141599,1049,130378301440.0,1203539456.0,688500.0,4426.57165527344,1.4743358336
1853,1,631601532,False,0.305889755487442,8080,6120,4160,0.00329475288432435,3.16246616277504e-05,0.00761991337759354,240.948455584648,0.000413435847625732,100141599,1080,1298064076800.0,10672008292.0,81319778.75,337498.651123047,13.0732101577
1854,1,631601732,False,0.305564194917679,7660,1420,2190,0.000351164593451927,6.23725572950207e-05,0.0297014471143484,476.194152832031,4.40652262695312e-05,100141599,1047,91443871744.0,576721792.0,17129472.0,35971.61328125,0.7064841952
1855,2,631596865,False,0.958444118499756,7340,2050,8550,0.0714002600991073,0.0116706686094403,17.4611701965332,1496.15844726562,0.0089595268875,100141599,466,63728607232.0,626690688.0,10942752768.0,7313899.5,0.7676960928
1856,1,631603270,False,0.0,0,0,0,0.0,0.0,0.0,0.0,0.0,100141599,673,499220032.0,14283900.0,0.0,0.0,0.0174977775
1857,1,631604899,False,0.825934827327728,8140,1730,2570,0.0834686029970903,0.0186704766941439,7.76136586864967,415.702608765423,0.0104739001199219,100141599,417,68185232000.0,457948808.0,3554308248.0,8550122.546875,0.5609872898
1858,2,631599166,False,0.553332388401031,7690,4360,7530,0.0151885174883147,0.00502542098326682,2.82192049628363,561.529174506931,0.00190590245230103,100141599,932,18475761664.0,309593712.0,873648841.41333,1555838.73657227,0.3792522972
1859,1,631605858,False,0.0,0,0,0,0.0,0.0,0.0,0.0,0.0,100141599,106,499002144.0,3250800.0,0.0,0.0,0.00398223
1860,2,631596343,False,0.0,0,0,0,0.0,0.0,0.0,0.0,0.0,100141599,263,4518910976.0,41650200.0,0.0,0.0,0.051021495
1861,3,631608380,False,0.0656191036105156,11700,5120,7980,6.43174453354906e-05,4.49302892048387e-06,0.000727382238136566,161.891287817091,8.07075324401855e-06,100141599,607,179180941312.0,1466353792.0,1066599.703125,6588.36999511719,1.7962833952
1862,2,631597380,False,0.695864975452423,7920,2870,6090,0.0168742224356533,0.0132586704567075,6.91248846054077,521.356079101562,0.00211742995625,100141599,634,19413952512.0,130368600.0,901171456.0,1728514.25,0.159701535
1863,2,631598949,True,0.0657799541950226,8230,710,7070,3.48604046137007e-06,1.0,7964.12953679831,7964.12953679831,4.37439208221435e-07,100141599,894,2843936.75,357.093231201172,2843936.75,357.093231201172,4.37439208221435e-07
1864,3,631606789,True,1.0,7820,790,7540,0.265804153024042,1.0,7191.33804001072,7191.33804001072,0.0333539325,100141599,433,195803594752.0,27227700.0,195803594752.0,27227700.0,0.0333539325
1865,1,631602998,False,0.00212933355942369,8070,5200,5140,9.88000158029296e-08,5.24714778293855e-08,1.67458620126126e-05,319.142211914062,1.23977335214615e-08,100141599,749,21178136576.0,192878096.0,3229.91015625,10.1205987930298,0.2362756676
1866,1,631605885,False,0.0,0,0,0,0.0,0.0,0.0,0.0,0.0,100141599,88,37083418624.0,319767296.0,0.0,0.0,0.3917149376
1867,3,631609393,False,0.08965814858675,2160,3580,5260,2.76628572061809e-05,0.000234472755641973,0.0672256219125459,286.709736184428,3.47122142944336e-06,100141599,949,150212488.0,12085200.0,812435.0859375,2833.65014648438,0.01480437
1868,3,631609362,False,0.335532605648041,8000,5130,9750,0.00283792727340717,0.000115668245621272,0.0365415744688053,315.917080548207,0.000356111947989654,100141599,942,211716714496.0,2513253568.0,91838242.4140625,290703.631011963,3.0787356208
1869,1,631601527,False,0.192411735653877,3620,3500,4810,0.000105588176120033,0.0022197482176125,0.618818044662476,278.778472900391,1.32495330078125e-05,100141599,1081,407089952.0,4872600.0,3015252.75,10815.9453125,0.005968935
1870,3,631608547,False,0.520718455314636,9990,2840,9340,0.0125825176816349,0.00145665038034128,0.598443085572411,410.835086887631,0.00157889348476562,100141599,664,109274345472.0,884833216.0,529522320.0,1288892.640625,1.0839206896
1871,3,631608761,False,0.851999282836914,2640,3930,6580,0.83632192648073,0.053572887860261,34.9428062785243,652.247949927001,0.104944278585388,100141599,746,281777257312.0,1599107352.0,55877298419.5,85668798.8452148,1.9589065062
1872,2,631605526,False,0.751584470272064,7640,960,8650,0.164475521843182,0.135461419820786,70.439697265625,519.998229980469,0.02063890045,100141599,312782608,27271854080.0,124375504.0,8760973312.0,16848082.0,0.1523599924
1873,1,631605863,False,0.229038774967194,3570,3540,4080,0.000137177165120188,8.38364791746973e-06,0.00273619726012785,326.373111927351,1.72134176757812e-05,100141599,104,34438799232.0,1676092516.0,4586119.75,14051.76953125,2.0532133321
1874,3,631606677,False,1.0,7770,560,7500,2.19766750740084,0.34282555480253,926.712254950333,2703.1597906525,0.275770159590625,100141599,394,686824993410.375,656656117.0,608531270912.0,225118497.625,0.804403743325
1875,3,631606321,False,0.0,0,0,0,0.0,0.0,0.0,0.0,0.0,100141599,268,18796472320.0,134623808.0,0.0,0.0,0.1649141648
1876,1,631601348,False,0.0993086248636246,13160,6330,5470,2.54002557474507e-05,6.20961145614274e-06,0.00155792385339737,250.889099121094,3.18730315551758e-06,100141599,1107,38667116544.0,419008512.0,652783.375,2601.88012695312,0.5132854272
1877,2,631597460,False,0.132830381393433,4350,3140,9470,5.31258002631736e-05,8.07699052529642e-06,0.00428337045013905,530.317626953125,6.66639078369141e-06,100141599,657,82681651200.0,673759808.0,2885962.75,5441.95166015625,0.8253557648
1878,1,631604998,False,0.0,0,0,0,0.0,0.0,0.0,0.0,0.0,100141599,380,242970688.0,10040400.0,0.0,0.0,0.01229949
1879,3,631608589,False,0.5240678191185,8100,1980,9790,0.00849627419544083,0.00729781930226225,3.77214319135448,516.88635126731,0.00106613893271484,100141599,678,21603458048.0,119257200.0,449855235.0,870317.49609375,0.14609007
1880,2,631596288,False,0.299431502819061,8870,4740,6950,0.000350496755050583,0.000579091371037066,0.275219202041626,475.260375976562,4.3981423828125e-05,100141599,246,7511269376.0,61999200.0,17063370.0,35903.203125,0.07594902
1881,3,631607220,False,0.32386377453804,5310,3750,5710,0.000241094381951139,7.71128609794713e-05,0.0231052427203783,299.628913087912,3.02532735107422e-05,100141599,581,26473414656.0,320264992.0,7399800.375,24696.5498046875,0.3923246152
1882,2,631596040,False,0.0506570152938366,10380,3550,6030,5.41000812228029e-06,3.03882120533672e-06,0.00109825271647424,361.407501220703,6.78864659118652e-07,100141599,140,1481904256.0,182365200.0,200283.078125,554.175231933594,0.22339737
1883,2,631596507,False,0.00707747414708138,4570,4990,9660,8.52105861308044e-07,2.09579212651079e-07,2.2391013771994e-05,106.837951660156,1.06924895858765e-07,100141599,328,34628780032.0,416480384.0,9325.41796875,87.2856292724609,0.5101884704
1884,1,631604723,False,0.0989265292882919,8640,3800,3110,8.02024636758606e-05,2.60869404281228e-05,0.00443458034139672,169.992351292222,1.00640547912598e-05,100141599,475,44594180096.0,314929800.0,1396581.5,8215.55493164062,0.385789005
1885,1,631605791,False,0.0,0,0,0,0.0,0.0,0.0,0.0,0.0,100141599,135,2028120960.0,19389600.0,0.0,0.0,0.02375226
1886,2,631596275,False,0.549240410327911,5230,2840,6110,0.00540168994149667,0.000402786409312503,0.148196448283021,367.928124824198,0.000677820867901611,100141599,242,118307147776.0,1373738400.0,203583151.75,553323.157470703,1.68282954
1887,2,631605359,False,1.0,7570,830,7730,0.155899660705186,0.229250818490982,294.757537841797,1285.74255371094,0.0195627747,100141599,312782558,32796776448.0,69660000.0,20532809728.0,15969612.0,0.0853335
1888,2,631596187,False,0.000719341158401221,7990,6360,6600,1.24981850036182e-08,3.67363384157215e-08,2.79105211120623e-06,75.9752426147461,1.56831115782261e-09,100141599,210,2871363840.0,34849800.0,97.2676086425781,1.2802540063858,0.042691005
1889,1,631602607,False,0.661182463169098,6270,4650,5520,0.120783134979424,0.00216930617119307,0.874087455289128,402.934111789485,0.0151562437434065,100141599,856,724660668800.0,5703410628.0,4985279682.29749,12372443.8721685,6.9866780193
1890,1,631603190,False,0.0767629593610764,3080,4730,3490,2.75617786266935e-05,1.05457993413438e-05,0.00653708446770906,619.875671386719,3.4585377746582e-06,100141599,694,5116154880.0,267717600.0,1750092.625,2823.29614257812,0.32795406
1891,3,631608798,False,0.0,0,0,0,0.0,0.0,0.0,0.0,0.0,100141599,763,233370384.0,7797600.0,0.0,0.0,0.00955206
1892,3,631606198,False,0.00733167491853237,11540,4240,7050,2.77841599923095e-07,3.71398124127036e-07,4.83878706827423e-05,130.285716430252,3.48644288063049e-08,100141599,589508455,8515892736.0,76631400.0,3708.0302734375,28.4607582092285,0.093873465
1893,2,631596448,False,1.0,8370,1300,7640,0.205106850145242,0.283873498439789,434.660400390625,1531.17639160156,0.025737446,100141599,305,44918431744.0,74012400.0,32170260480.0,21010160.0,0.09066519
1894,2,631597073,False,0.0273370500653982,7670,6760,6460,1.45531555201584e-06,2.30843547252278e-06,0.000418936339060076,181.480636581208,1.82617525482178e-07,100141599,557,3889672960.0,64578600.0,27054.322265625,149.075531005859,0.079108785
1895,1,631601397,False,0.486408293247223,7590,2010,5370,0.0217720142772232,0.00116877503167051,0.374899870514208,320.763072751792,0.00273202012207031,100141599,1099,107320202112.0,1908169192.0,715372383.0,2230220.5078125,2.3375072602
1896,1,631603316,False,0.0,0,0,0,0.0,0.0,0.0,0.0,0.0,100141599,661,42352066560.0,412604096.0,0.0,0.0,0.5054400176
1897,1,631601887,False,0.0,0,0,0,0.0,0.0,0.0,0.0,0.0,100141599,1010,7742069248.0,81598496.0,0.0,0.0,0.0999581576
1898,1,631605670,False,0.0960897728800774,2310,3610,4660,0.000111918054728923,0.000164944431162439,0.0563148222863674,341.416931152344,1.40438258789062e-05,100141599,188,3521303808.0,69504304.0,3914122.5,11464.34765625,0.0851427724
1899,3,631609180,False,0.679998457431793,9930,2140,8650,0.16243783106813,0.0761419019653065,43.3667692792046,569.551957067796,0.02038320466875,100141599,902,43115350016.0,218530800.0,9476974784.0,16639350.75,0.26770023
1900,3,631608897,False,0.5433748960495,7930,4580,7250,0.0111860858505466,0.00528692422231176,2.86472104834359,541.850219122482,0.001403664871875,100141599,804,35671207936.0,216732608.0,620878464.0,1145848.875,0.2654974448
1901,2,631595899,False,0.70317280292511,5230,2560,6990,0.0341138685944648,0.056896548718214,38.703125,680.23681640625,0.00428071441875,100141599,98,5911810048.0,61417800.0,2377060864.0,3494460.75,0.075236805
1902,1,631603519,False,0.312791496515274,10390,4500,5690,0.000737981758835867,0.00155215337872505,0.717417657375336,462.207977294922,9.26042482421875e-05,100141599,604,6094214144.0,48703500.0,34940752.0,75595.3046875,0.0596617875
1903,1,631602714,False,0.412493705749512,6290,4810,5190,0.0021801546822479,0.000604565348446234,0.194443297296564,321.624945584946,0.000273572595777607,100141599,824,23880924320.0,369396904.0,71826752.0249023,223324.56798172,0.4525112074
1904,1,631602007,False,0.168591886758804,7580,2050,5550,3.60092737344605e-05,0.000132894405396655,0.0769224390387535,578.823791503906,4.51855575561523e-06,100141599,982,2886455296.0,27756000.0,2135059.25,3688.61694335938,0.0340011
1905,3,631610065,False,0.484517991542816,6180,1340,7120,0.00814286286898531,0.00166911939466864,0.850211547336413,509.377310006753,0.00102179177939453,100141599,1128,75377311744.0,499734016.0,424879631.0,834115.73828125,0.6121741696
1906,3,631610385,False,0.0,0,0,0,0.0,0.0,0.0,0.0,0.0,100141599,549009219,1900906304.0,12520800.0,0.0,0.0,0.01533798
1907,3,631609505,False,0.796659827232361,8750,1680,9500,0.167673957096882,0.063278804743183,36.8788565639279,582.799512626712,0.0210402500615234,100141599,973,48363218944.0,271429184.0,10009997944.0,17175714.3359375,0.3325007504
1908,2,631596470,True,1.0,7900,580,7380,0.99999997423792,0.999363694027619,7358.31369100576,7362.99881112391,0.12548310950475,100141599,315,754258123358.375,102500413.057449,754230192734.375,102435191.432449,0.125563005995375
1909,3,631606952,False,0.342836767435074,3560,3840,6720,0.00271951376133207,0.00707748154047131,2.260295447732,319.364372030771,0.000341253051904297,100141599,488,3226522496.0,39360600.0,88966585.0,278573.919921875,0.048216735
1910,1,631596399,False,0.568047344684601,7540,870,3760,0.0297516251872959,0.0190646108239889,8.72228145599365,457.511657714844,0.0037333265375,100141599,312782562,26113320960.0,159857104.0,1394318720.0,3047613.5,0.1958249524
1911,1,631604524,False,0.142466992139816,4820,4800,5650,0.000411675374438294,0.000225718787987716,0.0727391168475151,322.255493164062,5.1658307421875e-05,100141599,564,23478607872.0,186825600.0,13589529.0,42170.046875,0.22886136
1912,1,631603265,False,0.00541233690455556,3860,4280,3600,2.25837731374998e-07,3.06132932337277e-07,4.20747492171358e-05,137.439468383789,2.83388215065002e-08,100141599,675,1000153600.0,75567600.0,3179.48779296875,23.133731842041,0.09257031
1913,1,631604710,False,0.119649261236191,8950,3090,3520,7.75781648781908e-05,7.16411886969581e-05,0.0127783864736557,178.366470336914,9.734749609375e-06,100141599,482,7591215104.0,110924096.0,1417431.0,7946.734375,0.1358820176
1914,2,631597748,False,0.41535422205925,3630,4680,7620,0.00261827705976789,0.000827292853500694,0.367539405822754,444.267578125,0.00032854955546875,100141599,800,47434137600.0,324194400.0,119154216.0,268203.71875,0.39713814
1915,3,631606033,False,0.998190939426422,9430,1970,6510,0.490277140683554,0.0267018599561062,35.2068232818709,1318.51576406084,0.0615215017169922,100141599,17,446016749568.0,1880829056.0,66218016198.0,50221634.0546875,2.3040155936
1916,2,631597719,False,1.0,8630,1060,7580,1.76652098568665,0.258983016014099,437.87451171875,1690.74621582031,0.221668552,100141599,778,429347864576.0,698709632.0,305947148288.0,180953920.0,0.8559192992
1917,3,631609308,False,1.0,8790,6120,6610,0.208897155265906,0.0246371920001944,40.4034118369969,1639.93574578946,0.0262130652847656,100141599,931,133650432000.0,868541376.0,35092034912.0,21398420.640625,1.0639631856
1918,3,631607028,False,0.141949787735939,8120,5910,6400,0.000234291166726211,0.000104687820754108,0.0208329228004272,199.000443894614,2.93995848876953e-05,100141599,525,24244078592.0,229249792.0,4775943.21875,23999.6611328125,0.2808309952
1919,1,631602691,False,0.229038774967194,3570,3540,4080,7.82574672731055e-05,0.000368958251783624,0.117621414363384,318.793304443359,9.8199905883789e-06,100141599,831,294633856.0,21726900.0,2555548.75,8016.31884765625,0.0266154525
1920,2,631599263,False,0.837862491607666,7720,3130,9910,0.0481848601425008,0.0368396863341331,14.781982421875,401.251586914062,0.0060463862375,100141599,954,20423667712.0,133981200.0,1980507776.0,4935825.5,0.16412697
1921,1,631602209,False,0.474850833415985,6210,2130,3310,0.00255106413736935,0.0019742448348552,0.65543806552887,331.994323730469,0.00032011546875,100141599,182305709,10868312064.0,132363904.0,86756344.0,261318.75,0.1621457824
1922,1,631604942,False,0.39910164475441,7590,580,4300,0.00656023431294175,0.0249478910118341,9.3932056427002,376.513000488281,0.000823198621875,100141599,401,3570379264.0,26936100.0,253016320.0,671998.875,0.0329967225
1923,3,631606171,False,0.886689782142639,8470,2040,9130,0.0490734866133655,0.14606148666318,125.95840167364,862.365600619294,0.006157893853125,100141599,121,9597047808.0,34416000.0,4334984352.0,5026852.125,0.0421596
1924,2,631596228,False,0.0861987695097923,4510,6520,6350,2.63263557586332e-05,1.07018295238959e-05,0.00261462200433016,244.3154296875,3.30351306762695e-06,100141599,226,21909458944.0,251989200.0,658856.5,2696.74536132812,0.30868677
1925,1,631602650,False,0.430131822824478,6290,1250,4790,0.0156530186186057,0.00123874319251627,0.575228214263916,464.364379882812,0.0019641895,100141599,844,74931642368.0,1294392576.0,744571136.0,1603420.0,1.5856309056
1926,1,631603011,False,0.0,0,0,0,0.0,0.0,0.0,0.0,0.0,100141599,744,944243584.0,30121200.0,0.0,0.0,0.03689847
1927,1,631603329,False,0.360441654920578,5650,900,5490,0.00555695303416199,0.000545137037988752,0.155848115682602,285.887969970703,0.0006973037640625,100141599,656,32507684864.0,1044191680.0,162735312.0,569227.5625,1.279134808
1928,1,631596376,False,0.548873841762543,7170,1230,4120,0.0114470178987777,0.0662024319171906,23.7197208404541,358.290771484375,0.0014364074375,100141599,312782570,1981710976.0,17712000.0,420123712.0,1172577.5,0.0216972
1929,1,631605698,False,0.228412657976151,3810,2810,5560,0.000241583420186646,0.000104980863397941,0.0316851884126663,301.818725585938,3.03146395507812e-05,100141599,171,22431105024.0,235725296.0,7469000.5,24746.64453125,0.2887634876
1930,2,631597670,False,0.626182854175568,9610,3520,9170,0.137985495396717,0.0504507906734943,23.2011222839355,459.876312255859,0.017314849475,100141599,743,40961191936.0,280165504.0,6500154368.0,14134571.0,0.3432027424
1931,2,631599715,False,0.678206443786621,8980,1800,7360,0.253730236327618,0.0532662644982338,28.1609477996826,528.6826171875,0.03183885985,100141599,1037,84171890688.0,487943104.0,13740940288.0,25990906.0,0.5977303024
1932,1,631605968,False,0.248526453971863,8620,2380,5410,0.0002621601303299,4.99456837133039e-05,0.0226087234914303,452.666229248047,3.28966691894531e-05,100141599,26,94421958656.0,537672576.0,12156091.0,26854.423828125,0.6586489056
1933,2,631595708,False,0.0,0,0,0,0.0,0.0,0.0,0.0,0.0,100141599,35,2407126784.0,14639400.0,0.0,0.0,0.017933265
1934,2,631597714,True,0.0657799541950226,8230,710,7070,3.48604046137007e-06,1.0,7964.12939453125,7964.12939453125,4.37439208221435e-07,100141599,774,2843936.75,357.093231201172,2843936.75,357.093231201172,4.37439208221435e-07
1935,2,631596066,False,0.0,0,0,0,0.0,0.0,0.0,0.0,0.0,100141599,606826647,8690514944.0,95696096.0,0.0,0.0,0.1172277176
1936,2,631596922,False,0.420583426952362,4470,5280,6580,0.00618249646809897,0.000162632659173225,0.0751980784568569,462.379935488609,0.000775798901305389,100141599,493,524722268160.0,3894083936.0,292827629.336914,633305.22555542,4.7702528216
1937,1,631600610,False,0.0,0,0,0,0.0,0.0,0.0,0.0,0.0,100141599,10704,32040060928.0,308697312.0,0.0,0.0,0.3781542072
1938,3,631609435,False,0.297777146100998,7910,3420,10750,0.00145774994892584,0.000581530788240218,0.164756927141412,283.315914605289,0.000182923001184082,100141599,959,21641975808.0,256779008.0,42306120.3125,149324.898925781,0.3145542848
1939,3,631606142,False,0.70317280292511,5230,2560,6990,0.038019195370838,0.0317050078010772,20.6308072252669,650.711312064903,0.00477076697890625,100141599,98,9303859712.0,122835600.0,2534197584.0,3894503.65625,0.15047361
1940,3,631609810,False,0.656868040561676,8240,4210,8180,0.0139124364230398,0.0258973920399203,19.3414941776789,746.851039975932,0.001745775828125,100141599,1044,7119528192.0,55029600.0,1064354688.0,1425123.125,0.06741126
1941,3,631609692,False,1.0,7820,4200,8250,0.480430259724107,0.104448472837225,213.877026684565,2047.67978769661,0.0602858844434456,100141599,1014,170924645248.0,471169808.0,100772397598.577,49212966.8926086,0.5771830148
1942,1,631603103,False,0.232497930526733,6520,3540,3900,0.000234040255419111,6.08393784204964e-05,0.0286454632878304,470.837554931641,2.93680997558594e-05,100141599,718,51818180608.0,394053312.0,11287840.0,23973.958984375,0.4827153072
1943,3,631608927,False,0.322960168123245,7530,2820,10320,0.00233113764535798,0.00112938886701091,0.617344521070199,546.618210168913,0.000292518407958984,100141599,816,38611154944.0,211433408.0,130527256.0,238790.537109375,0.2590059248
1944,2,631597601,False,0.15446899831295,3070,4760,7930,0.000360610542815538,0.000330354465404525,0.0833802223205566,252.396240234375,4.52505333984375e-05,100141599,704,9334297600.0,111816896.0,9323318.0,36939.2109375,0.1369756976
1945,3,631609915,False,0.999510824680328,7090,2840,6820,0.0885266808956004,0.000424861351768012,0.43442591788585,1022.51220563611,0.0111086034790955,100141599,1080,2615179312640.0,21344016584.0,9272393995.875,9068247.73803711,26.1464203154
1946,3,631609520,False,0.112391576170921,10600,3300,4500,7.21416531229573e-05,6.14747643142726e-06,0.00133620249467822,217.35788816485,9.05255919189453e-06,100141599,976,142257602560.0,1202093952.0,1606240.9375,7389.84423828125,1.4725650912
1947,2,631596086,False,0.549011051654816,2650,4630,6190,0.00568461057528879,0.000265673035755754,0.0996471494436264,375.074401855469,0.0007133226296875,100141599,159,242339971072.0,2191807744.0,218407392.0,582304.1875,2.6849644864
1948,1,631605990,False,0.0,0,0,0,0.0,0.0,0.0,0.0,0.0,100141599,2,273397248.0,51414300.0,0.0,0.0,0.0629825175
1949,2,631600970,False,0.00604030676186085,8530,5070,5760,1.12716242282424e-07,1.34546530716761e-06,0.000340481114108115,253.05827331543,1.41439849376678e-08,100141599,607344854,1319324928.0,8581500.0,2921.83862304688,11.5461101531982,0.0105123375
1950,3,631609130,False,0.512317478656769,5870,2590,8580,0.00910793906642215,0.00128805538032694,0.507623367235067,394.100575944351,0.00114289254467773,100141599,889,77242066944.0,724327168.0,367685396.0,932973.505859375,0.8873007808
1951,1,631595687,False,0.0,0,0,0,0.0,0.0,0.0,0.0,0.0,100141599,576073699,1278510080.0,22557600.0,0.0,0.0,0.02763306
1952,1,631604706,False,0.0402475073933601,7260,2850,5210,5.16538187219597e-05,3.67410102626309e-05,0.00631748558953404,171.946426391602,6.48168195800781e-06,100141599,483,10846645248.0,144012608.0,909797.5625,5291.1689453125,0.1764154448
1953,3,631606236,False,0.606915712356567,9210,2340,9850,0.0131979990566945,0.0247749555556758,11.6016851754116,468.282784578142,0.00165612600354004,100141599,312782640,8619336448.0,54568800.0,633090038.0,1351939.59472656,0.06684678
1954,1,631602792,False,0.0002337125770282,3660,4320,3680,2.05340870731593e-09,6.48812337189497e-10,2.2833005175471e-07,351.920013427734,2.57668116316199e-10,100141599,800,10015798272.0,324194400.0,74.023323059082,0.210341319441795,0.39713814
1955,1,631602728,False,0.0341632403433323,10390,2620,4940,4.80059974180562e-06,8.25484903543838e-07,0.00015389165491797,186.425765991211,6.02394198608398e-07,100141599,820,111924051968.0,595710912.0,91674.9375,491.750366210938,0.7297458672
1956,2,631605427,False,0.665107309818268,9100,1800,9790,0.0558079969665084,0.171320855617523,128.637847900391,750.859252929688,0.007002961175,100141599,312782578,9334745088.0,33368400.0,4292439296.0,5716703.0,0.04087629
1957,3,631606247,False,0.0,0,0,0,0.0,0.0,0.0,0.0,0.0,100141599,222,1862363392.0,35991000.0,0.0,0.0,0.044088975
1958,2,631600564,False,0.579428672790527,9030,3580,8040,0.00788645174094799,0.00108066132455593,0.28646914447434,265.086885192321,0.000989616512907886,100141599,933,34522135488.0,747551704.0,214150497.095215,807850.214618683,0.9157508374
1959,1,631603320,False,0.111095756292343,9960,4300,3480,9.46044976628921e-05,2.57866777246818e-05,0.00388919981196523,150.822052001953,1.18712668457031e-05,100141599,658,25282973696.0,375807616.0,1461590.875,9690.830078125,0.4603643296
1960,3,631609501,False,0.631838381290436,3550,2600,5840,0.19098385151588,0.00901809015329351,4.25116643668651,471.404295635029,0.0239652481708008,100141599,972,265874436352.0,2169358208.0,9222302803.0,19563467.8945312,2.6574638048
1961,1,631601643,False,0.118237413465977,7950,2730,5110,0.000144775500058862,0.000227548109251074,0.0833560153841972,366.322631835938,1.81668803955078e-05,100141599,1061,11116761088.0,65173500.0,5432603.5,14830.1064453125,0.0798375375
1962,1,631603298,False,0.371091514825821,5020,6830,2910,0.00105857393589673,0.000266489980276674,0.0449380576610565,168.629440307617,0.000132833152539062,100141599,665,9286909952.0,406901696.0,18285372.0,108435.2265625,0.4984545776
1963,2,631597675,False,0.851999282836914,2640,3930,6580,0.749425142272111,0.096012953470087,65.3557267767474,680.696972800749,0.0940401996160156,100141599,746,182439460832.0,799553676.0,52255411592.0,76767509.890625,0.9794532531
1964,2,631597759,False,1.0,8010,440,7910,0.564451510285636,0.675276458263397,1543.5458984375,2285.79833984375,0.0708291325,100141599,805,141797969920.0,85623744.0,132164173824.0,57819700.0,0.1048890864
1965,1,631602269,False,0.537729918956757,9630,3340,2250,0.0433904169132142,0.00196802501587088,0.755477725308396,383.876078411577,0.00544476457724609,100141599,926,252786823168.0,2258460000.0,1706216223.5,4444705.77734375,2.7666135
1966,2,631597654,False,0.670703232288361,8830,2500,9650,0.103815383925453,0.045144509524107,19.0642585754395,422.294097900391,0.013027077525,100141599,729,31086155776.0,235562400.0,4490822656.0,10634349.0,0.28856394
1967,2,631600065,False,0.580170452594757,7040,1120,8240,0.00633393940804955,0.00943932123482227,4.0590672492981,430.016876220703,0.0007948024328125,100141599,1086,11410546688.0,68735696.0,279002816.0,648818.3125,0.0842012276
1968,1,631602647,False,0.0121348081156611,10810,4430,3020,4.7721260328783e-07,3.24283263353209e-07,6.47878041490912e-05,199.787689208984,5.98821228981018e-08,100141599,846,35234181120.0,150742800.0,9766.294921875,48.8833656311035,0.18465993
1969,1,631602892,False,0.644932389259338,7810,890,4400,0.134470433964324,0.0417461208999157,22.2618675231934,533.267944335938,0.016873768625,100141599,774,52756340736.0,329958912.0,7345501696.0,13774505.0,0.4041996672
1970,2,631596354,False,0.696188628673553,10210,2170,9150,0.0907184204046447,0.100660853087902,52.3145713806152,519.711181640625,0.011383629775,100141599,269,18816178176.0,92317504.0,4829550592.0,9292759.0,0.1130889424
1971,3,631608573,False,1.0,6470,3200,8530,5.66260847415127,0.0247705956166319,36.0715303790527,1456.223779893,0.71056173755,100141599,672,3719629635584.0,23416893440.0,844683183104.0,580050398.0,28.685694464
1972,2,631597789,False,0.655244708061218,6250,4760,6270,0.0167413488006897,0.00464244094859963,1.89150424256254,407.437437224292,0.00210075655893402,100141599,824,22333162144.0,369396904.0,698715811.105469,1714903.31341553,0.4525112074
1973,1,631603031,False,0.300638556480408,8420,2270,1020,0.00406971119671478,0.00247048866003752,0.76801460981369,310.875549316406,0.00051068002890625,100141599,735,17186324480.0,168744608.0,129598320.0,416881.65625,0.2067121448
1974,2,631596034,False,1.0,7050,2890,7000,2.05317403756191,0.151971144260569,372.546635029515,2451.4300845873,0.257638669225,100141599,138,732510070784.0,1383929048.0,515578109952.0,210317281.0,1.6953130838
1975,2,631597211,False,0.226235538721085,4380,5670,5770,0.00121358085716476,0.0003733477788046,0.110263593494892,295.337493896484,0.000152283903515625,100141599,596,32410542080.0,332969408.0,36714404.0,124313.390625,0.4078875248
1976,3,631610058,False,0.73956286907196,9120,2450,10080,0.101923746468654,0.0165346478052986,7.01139274171986,424.042460672978,0.01278970896875,100141599,1127,67273603072.0,631436416.0,4427248704.0,10440578.75,0.7735096096
1977,2,631599953,False,0.107669189572334,10510,6930,6560,2.55454718938686e-05,6.15501485299319e-05,0.0136894434690475,222.411224365234,3.20552532958984e-06,100141599,1069,1425539456.0,42514200.0,581995.75,2616.75537109375,0.052079895
1978,3,631608968,False,0.229038774967194,3570,3540,4080,0.000305360771998007,0.000719837849426431,0.205129660697108,284.966483577595,3.83176201782227e-05,100141599,831,2031389568.0,43453800.0,8913663.25,31279.6899414062,0.053230905
1979,1,631601831,False,0.1170269921422,11660,4540,2250,9.6588307191489e-05,4.50251081929309e-06,0.00168862729333341,375.041259765625,1.21202014404297e-05,100141599,1025,408131567616.0,2197449984.0,3710674.0,9894.0419921875,2.6918762304
1980,3,631606288,False,0.524487257003784,8220,2190,9440,0.0477088701720419,0.0684026360615629,32.0076168721377,467.929581592887,0.005986657534375,100141599,249,11515627008.0,71445600.0,2286803392.0,4887067.375,0.08752086
1981,1,631605721,False,0.308784663677216,10480,4100,5210,0.000602605198616876,0.00067414971999824,0.337452858686447,500.560668945312,7.56167760742187e-05,100141599,162,10707924992.0,91564200.0,30898600.0,61727.98046875,0.112166145
1982,2,631596782,False,0.804529666900635,7950,330,6370,0.496156037587803,0.116141565144062,92.8108825683594,799.118530273438,0.062259204,100141599,434,111074754560.0,437602496.0,40614273024.0,50823840.0,0.5360630576
1983,3,631606151,False,0.421811103820801,4380,4780,8710,0.0101050803969321,0.000308788405677355,0.109944373938118,356.050848790598,0.0012680169426693,100141599,104,201406941568.0,3352185032.0,368553884.667969,1035115.87156677,4.1064266642
1984,2,631600955,False,0.298449397087097,8960,5680,5880,0.00011339797288107,0.000416261493228376,0.135456711053848,325.412536621094,1.42295306152344e-05,100141599,607344846,3568187392.0,27905400.0,3779973.75,11615.943359375,0.034184115
1985,2,631597034,False,0.800672829151154,9060,3050,9740,0.347210870223095,0.0254770253146152,10.8248322216437,424.886033120746,0.043569100771875,100141599,541,164194009344.0,1396026908.0,15111757056.0,35566612.875,1.7101329623
1986,2,631600156,False,1.0,7980,4250,8160,0.553399176073129,0.00828645378351212,12.1484727859497,1466.06408691406,0.0694422512,100141599,1097,787960299272.0,6840990208.0,83107586048.0,56687552.0,8.3802130048
1987,1,631605584,False,0.0144432438537478,11690,4510,4390,2.12168520366379e-06,6.44759154511121e-07,6.94856425980106e-05,107.769912719727,2.66235663604736e-07,100141599,225,43531325440.0,337079712.0,23422.19921875,217.335235595703,0.4129226472
1988,2,631599243,False,0.048167560249567,2160,3480,6300,6.41911900624306e-06,0.000108818006992806,0.0201102625578642,184.806381225586,8.05491033935547e-07,100141599,949,94564536.0,6042600.0,121518.2734375,657.543701171875,0.007402185
1989,1,631603368,False,0.0466351620852947,8140,7060,2440,5.08305538314832e-05,4.63260670022581e-06,0.000720385213240224,155.503210148427,6.37837611694336e-06,100141599,647,91421085696.0,1123954176.0,809679.96875,5206.83764648438,1.3768438656
1990,2,631596641,False,0.780593931674957,8100,5170,7990,0.0218993823823044,0.000294432142509735,0.304248449462925,1033.33979391487,0.00274800266835937,100141599,375,1000154198016.0,7618962608.0,2318057560.0,2243267.484375,9.3332291948
1991,1,631601424,False,0.573143661022186,6020,4800,5110,0.0258079171320503,0.0240502431988716,11.0698833465576,460.281524658203,0.003238457775,100141599,1096,17601175552.0,109921504.0,1216818176.0,2643639.0,0.1346538424
1992,1,631605318,False,0.0,0,0,0,0.0,0.0,0.0,0.0,0.0,100141599,303,45973745664.0,346324512.0,0.0,0.0,0.4242475272
1993,3,631606241,False,0.497705340385437,9010,4300,6600,0.00762128321303217,0.00110112739545479,0.64382924688564,584.700053366415,0.000956342340625,100141599,214,94048677888.0,708989376.0,456468096.0,780687.625,0.8685119856
1994,3,631607093,False,0.718025028705597,7700,1680,5770,0.183814873595855,0.0220824168561442,11.5824247067373,524.508924099701,0.02306566250625,100141599,542,105716969472.0,852674432.0,9876037408.0,18829112.25,1.0445261792
1995,2,631596091,False,0.316620171070099,10330,3980,6080,0.000846721470206324,0.000947248772718012,0.40948811173439,432.292053222656,0.000106249245703125,100141599,162,9457607680.0,91564200.0,37494452.0,86734.078125,0.112166145
1996,2,631597385,False,1.0,6500,3450,7430,0.655979968220006,0.0307262507294882,34.1524248313153,1111.50641619086,0.0823144083056641,100141599,637,415104486912.0,2186906432.0,74688157532.0,67195435.3515625,2.6789603792
1997,1,631605593,False,0.0,0,0,0,0.0,0.0,0.0,0.0,0.0,100141599,222,907169856.0,17995500.0,0.0,0.0,0.0220444875
1998,2,631596118,False,0.0,0,0,0,0.0,0.0,0.0,0.0,0.0,100141599,177,2465293312.0,13496400.0,0.0,0.0,0.01653309
1999,3,631608768,False,0.628957331180573,10290,2150,8830,0.0619315497746899,0.0363736807272652,17.2724893603046,474.862290946469,0.00777136364238281,100141599,750,20836003840.0,174411008.0,3012512280.0,6343970.3203125,0.2136534848
2000,1,631603508,False,0.270916849374771,3130,3430,4490,0.00208145442035673,0.00198427564464509,0.780192196369171,393.187408447266,0.0002611873796875,100141599,608,9714614272.0,107451904.0,83833136.0,213214.1875,0.1316285824
2001,2,631596184,False,0.01491095777601,11170,5160,7650,1.27198937291682e-06,1.00689135251741e-06,0.000233822531299666,232.222213745117,1.59613185882568e-07,100141599,209,13797235712.0,129404704.0,30257.736328125,130.296478271484,0.1585207624
2002,2,631595729,True,1.0,8050,560,7310,0.0508120919492999,0.999964237213135,7578.4326171875,7578.703125,0.0063760594625,100141599,41,39447822336.0,5205132.5,39446745088.0,5204946.5,0.0063762873125
2003,1,631602655,False,0.39579826593399,9910,2410,2580,0.00338954701455449,0.0008270931430161,0.294100016355515,355.582702636719,0.00042533091015625,100141599,843,52516855808.0,419794208.0,123461480.0,347208.90625,0.5142479048
2004,1,631605856,False,0.123028419911861,7190,3220,2540,3.46136433437743e-05,5.44885779163451e-06,0.00137282919604331,251.94807434082,4.34342770996094e-06,100141599,108,6944195584.0,650715328.0,893321.0,3545.6552734375,0.7971262768
2005,3,631609949,False,0.582591950893402,6690,2850,1710,0.00953490423363941,0.000496556922667097,0.252018623263794,507.532191697492,0.00119646946289062,100141599,1090,285406150656.0,1966964352.0,495711648.0,976709.765625,2.4095313312
2006,1,631605924,False,0.0394555553793907,3880,5270,4980,1.37984642589997e-05,7.13641270522203e-07,0.000140949341584928,197.507278442383,1.73147424621582e-06,100141599,56,297795616768.0,1980614656.0,279166.34375,1413.44836425781,2.4262529536
2007,2,631596645,False,0.675387680530548,9840,2280,8790,0.0949013675243755,0.201379224658012,134.879852294922,669.780334472656,0.011908519,100141599,377,14788083712.0,48273300.0,6511095296.0,9721240.0,0.0591347925
2008,2,631596810,False,0.559564590454102,7460,2050,5880,0.0429830102819087,0.0102583831176162,3.53267073631287,344.369140625,0.005393641925,100141599,443,33422311424.0,429207296.0,1516248064.0,4402973.0,0.5257789376
2009,1,631602518,False,0.215746119618416,4920,2940,1420,0.000322371617666238,9.40065801842138e-05,0.0110292723402381,117.32447052002,4.04521940429687e-05,100141599,878,575023552.0,351275392.0,3874312.0,33022.19921875,0.4303123552
2010,1,631603419,False,0.0745954066514969,6250,7420,3280,8.29313517520883e-05,5.78165310959219e-06,0.000845662814343855,146.266612388218,1.0406484161377e-05,100141599,631,120707588096.0,1469318368.0,1242547.90625,8495.08911132812,1.7999150008
2011,1,631596194,False,0.377321690320969,9290,2330,1390,0.0034819670327506,0.00211944547481835,0.778876960277557,367.490875244141,0.00043692806171875,100141599,312782636,19827509248.0,168287392.0,131075168.0,356675.96875,0.2061520552
2012,1,631602110,False,0.19116835296154,5850,5750,1490,0.000645929961253211,1.27118382806657e-05,0.00283201551064849,222.785675048828,8.10533021484375e-05,100141599,961,376956354560.0,5205066240.0,14740828.0,66165.9609375,6.376206144
2013,3,631609823,False,1.0,7800,1150,7830,0.543071212040937,0.480661169469803,1534.13224806419,3191.71246921491,0.068146266125,100141599,1046,189801702400.0,115735592.0,177553703936.0,55629605.0,0.1417761002
2014,1,631605522,False,0.0592580027878284,4180,4900,5580,1.70808664852246e-05,1.27366452981261e-06,0.000233963494591656,183.693185383813,2.14336029481888e-06,100141599,242,125515673600.0,1373738400.0,321404.63671875,1749.68187332153,1.68282954
2015,1,631603513,False,0.036081675440073,11230,6040,3080,9.24873649874444e-06,1.29217944991554e-06,0.000210240339290506,162.702122607079,1.16056024475098e-06,100141599,607,99000254464.0,733176896.0,154143.359375,947.396118164062,0.8981416976
2016,1,631604601,False,0.713727355003357,8320,1060,4150,0.247554777912329,0.0537316551331395,31.2023923255066,580.707820151668,0.0310639441054687,100141599,533,76626561536.0,471943804.0,14725775728.0,25358321.71875,0.5781311599
2017,3,631608865,False,0.686996161937714,8690,2760,1410,0.0396359434792526,0.0248758714792944,11.3932322694246,458.003341869164,0.0049736415640625,100141599,791,27128489984.0,163215008.0,1859546496.0,4060115.5625,0.1999383848
2018,2,631597226,False,0.502192974090576,6380,4440,5850,0.00861477903663623,0.00785757321864367,2.98103046417236,379.383087158203,0.0010810092890625,100141599,599,14326297600.0,112306496.0,334789088.0,882456.5625,0.1375754576
2019,3,631609863,False,0.0,0,0,0,0.0,0.0,0.0,0.0,0.0,100141599,1060,393110976.0,6237000.0,0.0,0.0,0.007640325
2020,2,631600983,False,0.104296445846558,8240,5280,5820,3.07863950486057e-05,0.000367412343621254,0.0739098861813545,201.163330078125,3.86317268066406e-06,100141599,607344862,1351311360.0,8583300.0,634390.75,3153.6103515625,0.0105145425
2021,2,631596667,False,1.0,8630,1060,7580,6.48539410719511,0.208689100158469,298.862852251106,1432.09612780047,0.8138074399,100141599,385,1475526656000.0,3183360336.0,951388149760.0,664332604.0,3.8996164116
2022,1,631605199,False,0.0,0,0,0,0.0,0.0,0.0,0.0,0.0,100141599,332,310295488.0,2796300.0,0.0,0.0,0.0034254675
2023,2,631599812,False,0.439699560403824,9470,4310,7200,0.00528158075849334,0.00134709803387523,0.645806550979614,479.40576171875,0.00066274919375,100141599,1052,43528839168.0,401618688.0,259367984.0,541019.75,0.4919828928
2024,2,631605636,False,0.600646674633026,9820,2620,9380,0.137247331129197,0.0811129882931709,38.1273994445801,470.052947998047,0.017222222325,100141599,312782644,30933585920.0,173325600.0,6608454144.0,14058957.0,0.21232386
2025,2,631597496,True,1.0,7900,580,7380,0.999996488197459,0.999363691810834,7358.31158044362,7362.99671555052,0.125482672065542,100141599,669,754255279421.625,102500055.964218,754227348797.625,102434834.339218,0.125562568556167
2026,3,631609083,False,0.552765309810638,7280,2020,10210,0.0171912460455014,0.00158041419134453,0.477121740488204,301.896643994506,0.002157211065625,100141599,873,92571684864.0,1114257664.0,531636556.0,1760988.625,1.3649656384
2027,1,631605536,False,0.294764190912247,10230,5010,5560,0.000280782479822844,0.0006577706662938,0.317531615495682,482.739105224609,3.52334595703125e-05,100141599,238,2949539840.0,43726500.0,13884546.0,28762.0078125,0.0535649625
2028,2,631599547,False,1.0,7500,3530,8090,0.876159010226977,0.140238773411071,411.286826279238,2932.76114925553,0.10994315985625,100141599,1008,363645062144.0,639976492.0,263213900288.0,89749518.25,0.7839712027
2029,3,631606254,False,0.157198294997215,11970,5140,3570,4.72823763203457e-05,2.32158360647963e-06,0.000351064096649866,151.217511904389,5.93313975830078e-06,100141599,229,6197635936.0,2086239488.0,732403.78125,4843.37939453125,2.5556433728
2030,3,631606055,False,0.0,0,0,0,0.0,0.0,0.0,0.0,0.0,100141599,576073699,2367899520.0,45115200.0,0.0,0.0,0.05526612
2031,3,631606544,False,0.426489889621735,4510,3940,8780,0.00675108919066653,0.000123741536248872,0.0504260317228644,407.510955912544,0.000847147686013031,100141599,345,385417892552.0,5588658040.0,281813847.613281,691549.131439209,6.846106099
2032,1,631601291,False,0.513639867305756,9360,5400,5560,0.00322812917782821,0.000212255413858686,0.0903365033905532,425.602823260361,0.00040507569755249,100141599,1117,167383977984.0,1557906264.0,140735804.5,330674.038818359,1.9084351734
2033,3,631606966,False,0.969987273216248,5350,1560,6420,2.03284406911161,0.00946292637013245,6.74290450020082,712.560178158339,0.255087601502002,100141599,500,2233675905024.0,22005325688.0,148379809610.0,208234776.736328,26.9565239678
2034,2,631599219,False,0.546171426773071,5450,820,6530,0.0205295896499628,0.00126670044846833,0.534416615962982,421.896606445312,0.0025761168125,100141599,943,218095484928.0,1660181376.0,887228544.0,2102952.5,2.0337221856
2035,2,631599999,False,0.725760221481323,8310,1390,9640,0.112955396872053,0.218101844191551,174.270156860352,799.031127929688,0.0141739948,100141599,1074,18309066752.0,53051400.0,9245276160.0,11570608.0,0.064987965
2036,1,631605850,False,0.0,0,0,0,0.0,0.0,0.0,0.0,0.0,100141599,113,34071408640.0,290957408.0,0.0,0.0,0.3564228248
2037,3,631609927,False,0.524306416511536,9160,3030,8290,0.0779792428511711,0.00968195834100667,4.39282136471989,453.71207043049,0.009785078121875,100141599,1084,109390143488.0,825020992.0,3624169840.0,7987818.875,1.0106507152
2038,3,631606283,False,0.797094881534576,8350,1040,9200,0.140688761404413,0.0937844453433095,50.2970074317025,536.304365266374,0.0176540637082031,100141599,312782604,25138800640.0,153666000.0,7728939944.0,14411480.578125,0.18824085
2039,3,631608310,False,0.982730388641357,7860,3450,7870,0.0233072482718784,0.0276761432794297,42.1539603779053,1523.11541215485,0.0029246660625,100141599,496345672,17575477248.0,86265000.0,3636411392.0,2387482.5,0.105674625
2040,3,631606306,False,0.0425497926771641,5840,7240,3700,1.20156033735273e-05,1.22650581599149e-05,0.00125458405882792,102.289287378041,1.50775531272888e-06,100141599,260,8957167104.0,100351800.0,125899.768554688,1230.82066345215,0.122930955
2041,1,631602244,False,0.0762464627623558,7580,3890,5120,1.62681338036803e-05,7.61979890739894e-06,0.00214936980046332,282.076965332031,2.04137606811523e-06,100141599,930,27002892288.0,218697296.0,470061.375,1666.42944335938,0.2679041876
2042,3,631610090,False,0.146116644144058,7640,2940,5610,8.47243131964491e-05,0.000666048983503227,0.102010075631993,153.157017214334,1.06314705444336e-05,100141599,599626923,683644000.0,13030200.0,1329211.6875,8678.75146484375,0.015961995
2043,3,631608535,False,0.0584238134324551,10560,6930,6570,1.34675731256523e-05,1.67176414409235e-06,0.000305465679683897,182.720559454123,1.68995299682617e-06,100141599,661,83444400128.0,825208192.0,252072.78125,1379.55346679688,1.0108800352
2044,2,631599290,False,0.297777146100998,7910,3420,10750,0.00142659160091161,0.00113820203114301,0.322020083665848,282.919982910156,0.0001790131546875,100141599,959,11458024448.0,128389504.0,41344000.0,146133.1875,0.1572771424
2045,2,631597245,False,0.380553305149078,10370,4820,5840,0.00160648536976762,0.0033788257278502,1.68005406856537,497.230163574219,0.000201586784765625,100141599,604,6543043584.0,48703500.0,81824512.0,164560.640625,0.0596617875
2046,2,631595809,False,0.86174488067627,6310,3420,6620,0.0760717160800126,0.107479751110077,81.8062973022461,761.132202148438,0.009545715725,100141599,64,13903495168.0,72501296.0,5931062784.0,7792421.0,0.0888140876
2047,3,631607167,True,1.0,7900,580,7380,0.99999997423792,0.999363694027619,7358.31369100576,7362.99881112391,0.12548310950475,100141599,567,754258123358.375,102500413.057449,754230192734.375,102435191.432449,0.125563005995375
2048,2,631599722,False,0.98825079202652,7110,1740,8310,0.268048479323066,0.0470793321728706,41.603141784668,883.681579589844,0.03363555755,100141599,1038,117123678208.0,583219776.0,24263774208.0,27457598.0,0.7144442256
2049,3,631608621,False,0.0,0,0,0,0.0,0.0,0.0,0.0,0.0,100141599,689,3540150528.0,58883400.0,0.0,0.0,0.072132165
2050,2,631596778,False,1.0,7800,700,7170,0.606713313362641,0.827204644680023,2801.74438476562,3387.00268554688,0.0761322751,100141599,433,216053923840.0,75131104.0,210498142208.0,62148796.0,0.0920356024
2051,1,631605066,False,0.327290266752243,3680,2890,5270,0.00234009675871687,0.000543868052773178,0.259343594312668,476.850250244141,0.000293642625390625,100141599,363,60667531264.0,440747104.0,114304944.0,239708.265625,0.5399152024
2052,3,631606563,False,0.374070733785629,5780,4330,6740,0.00230748285294099,0.00019589028922518,0.0764557195862103,390.298671203262,0.000289550130975342,100141599,351,118879391744.0,1206631808.0,92253903.15625,236367.453857422,1.4781239648
2053,1,631603464,False,0.0,0,0,0,0.0,0.0,0.0,0.0,0.0,100141599,621,22041372672.0,159641104.0,0.0,0.0,0.1955603524
2054,3,631606094,False,0.438609629869461,8490,4770,7020,0.00118531336605734,0.00311150587838461,1.65412877797766,531.616793485356,0.000148736810742187,100141599,58,4640165120.0,39022200.0,64547744.0,121417.8046875,0.047802195
2055,2,631597727,False,1.0,6470,3540,8350,1.25107681165403,0.0770674049854279,170.973342895508,2218.49096679688,0.1569890126,100141599,784,366423053536.0,1662885888.0,284309159936.0,128154296.0,2.0370352128
2056,2,631605383,False,1.0,7590,1150,7790,0.516880750605093,0.526737689971924,1115.58386230469,2117.91137695312,0.0648598055,100141599,312782566,130192900096.0,100518304.0,112136593408.0,52946780.0,0.1231349224
2057,3,631606796,False,0.804529666900635,7950,330,6370,0.540100309288628,0.0632140818502096,48.5823745941339,768.537217850502,0.067773468,100141599,434,170452287488.0,875204992.0,42519536768.0,55325280.0,1.0721261152
2058,3,631606169,False,0.41535422205925,3630,4680,7620,0.00668126851337425,0.000438337563858181,0.166302328239803,379.393284883082,0.000838386370092959,100141599,119,115034910532.0,1561346992.0,259655639.959813,684397.036810579,1.9126500652
2059,2,631599868,False,0.0,0,0,0,0.0,0.0,0.0,0.0,0.0,100141599,1060,201495648.0,3118500.0,0.0,0.0,0.0038201625
2060,3,631609140,True,0.0657799541950226,8230,710,7070,3.48604046137007e-06,1.0,7964.12953679831,7964.12953679831,4.37439208221435e-07,100141599,894,2843936.75,357.093231201172,2843936.75,357.093231201172,4.37439208221435e-07
2061,3,631606793,False,1.0,7800,700,7170,0.669142364803135,0.386183813587504,1203.1693578695,3115.53544073354,0.0839660668,100141599,433,233962201088.0,177489904.0,213550413824.0,68543728.0,0.2174251324
2062,1,631605956,False,0.711967051029205,8530,1180,3900,0.553035121508309,0.117558784782887,65.458740234375,556.817077636719,0.0693965685,100141599,33,102240894976.0,481888800.0,31543832576.0,56650260.0,0.59031378
2063,1,631602419,False,0.0,0,0,0,0.0,0.0,0.0,0.0,0.0,100141599,900,9376890880.0,342055808.0,0.0,0.0,0.4190183648
2064,3,631610042,False,0.155879020690918,9480,3620,1030,0.000296623469039466,3.44799420135249e-05,0.00933250655957535,270.664798563601,3.72212362060547e-05,100141599,1121,73102012416.0,881227776.0,8224064.0,30384.6826171875,1.0795040256
2065,3,631609052,False,0.0617673583328724,12550,5070,4880,8.16077133343329e-06,3.32819818814398e-05,0.00921874004666125,276.988914887975,1.02403898925781e-06,100141599,859,3783534592.0,25117200.0,231548.9375,835.9501953125,0.03076857
2066,2,631597796,False,0.0,0,0,0,0.0,0.0,0.0,0.0,0.0,100141599,830,15740723200.0,169227904.0,0.0,0.0,0.2073041824
2067,1,631603559,False,0.154110744595528,3510,5810,5660,0.000291672997244498,4.60754424003613e-05,0.0075917058843414,164.766858196935,3.66000355957031e-05,100141599,589,57798004736.0,648449120.0,4922835.0,29877.580078125,0.794350172
2068,2,631596329,False,1.0,8450,1030,7370,0.488987095246676,0.888641655445099,3735.98901367188,4204.1572265625,0.0613596228,100141599,257,213352775680.0,56366352.0,210584076288.0,50089488.0,0.0690487812
2069,3,631610000,False,0.0,0,0,0,0.0,0.0,0.0,0.0,0.0,100141599,1106,49946263552.0,485830784.0,0.0,0.0,0.5951427104
2070,3,631606186,False,0.0271161142736673,11840,6030,5070,9.01887300042241e-06,3.69579891051215e-07,5.55991492314369e-05,150.43878354229,1.13171625747681e-06,100141599,136,268735987712.0,2499730176.0,138982.87109375,923.850006103516,3.0621694656
2071,3,631609402,False,0.00702155288308859,12300,3480,5110,3.74909234024768e-07,3.41910116964016e-08,8.62141882447747e-06,252.154539942579,4.70447776794433e-08,100141599,951,249936527360.0,1123216256.0,9683.7177734375,38.4039001464844,1.3759399136
2072,2,631603485,False,1.0,7500,3530,8090,0.528129384538436,0.286803722381592,947.057800292969,3302.111328125,0.0662713191,100141599,496345668,210696388608.0,188627392.0,178641043456.0,54099036.0,0.2310685552
2073,3,631606182,False,0.202844455838203,7720,4940,9570,0.000405946778772998,5.4985429686368e-05,0.0175650473227043,319.449123574986,5.09394654061794e-05,100141599,131,82515578880.0,756259200.0,13283728.6362305,41583.2370662689,0.92641752
2074,2,631603562,False,0.0,0,0,0,0.0,0.0,0.0,0.0,0.0,100141599,606826651,7899865088.0,61102800.0,0.0,0.0,0.07485093
2075,3,631608869,False,0.553332388401031,7690,4360,7530,0.0151885174883147,0.00251271049163341,1.41096024814181,561.529174506931,0.00190590245230103,100141599,792,29059699776.0,619187424.0,873648841.41333,1555838.73657227,0.7585045944
2076,2,631601443,False,0.741603374481201,8110,4240,7910,0.0151677666946882,0.0196573510766029,16.2663040161133,827.492126464844,0.001903298578125,100141599,560581563,11918049280.0,79039800.0,1285685376.0,1553713.125,0.096823755
2077,1,631600663,False,0.528097629547119,8740,2050,1800,0.0247673179372613,0.0114570985989859,4.54493798961067,396.691880613908,0.00310788014892578,100141599,312782574,31689558208.0,221438700.0,1006425160.0,2537045.01953125,0.2712624075
2078,1,631605301,False,0.105288296937943,5810,2650,5690,1.3033374965003e-05,6.25500479145558e-06,0.00168230244889855,268.953033447266,1.63546846008301e-06,100141599,310,15268614144.0,213441296.0,359072.8125,1335.07629394531,0.2614655876
2079,1,631596151,False,0.445051908493042,9360,2590,2190,0.00333003957372559,0.0231629107147455,9.05821800231934,391.065582275391,0.00041786373125,100141599,312782652,1813367168.0,14726700.0,133397656.0,341113.25,0.0180402075
2080,1,631605695,False,0.0,0,0,0,0.0,0.0,0.0,0.0,0.0,100141599,173,4753539072.0,67648496.0,0.0,0.0,0.0828694076
2081,1,631605372,False,0.0,0,0,0,0.0,0.0,0.0,0.0,0.0,100141599,287,338933888.0,3490200.0,0.0,0.0,0.004275495
2082,2,631595984,False,0.000768852420151234,9940,4950,7690,7.60581698293471e-09,9.88174342353432e-09,1.95878124031879e-06,198.222244262695,9.54401589930057e-10,100141599,123,10123969536.0,78842704.0,154.435607910156,0.779103338718414,0.0965823124
2083,3,631607134,False,0.176775217056274,7540,6560,4430,7.3082051844416e-05,5.79617254308576e-05,0.00964070100052978,166.328744164632,9.17056335067749e-06,100141599,557,7281254464.0,129157200.0,1245165.94726562,7486.17416381836,0.15821757
2084,3,631610315,False,0.999244153499603,9470,1790,7000,1.53706818140213,0.0309502611737199,44.8324701141844,1448.53285284235,0.192876099892041,100141599,294,1182828703744.0,5087190592.0,228071320181.0,157449877.462891,6.2318084752
2085,3,631610175,False,0.223061949014664,2180,2680,6200,0.000181383411144079,5.55580820423885e-05,0.0239363852528036,430.835341553748,2.27605550292969e-05,100141599,526157192,44666507264.0,334425600.0,8004940.0,18580.044921875,0.40967136
2086,2,631595909,False,0.0336624123156071,10810,6400,8380,2.05008785666551e-05,4.58829663330107e-06,0.000731845328118652,159.502624511719,2.57251405639648e-06,100141599,101,41694007296.0,457688704.0,334957.34375,2100.01147460938,0.5606686624
2087,2,631597328,False,0.694020390510559,7780,1110,6440,0.0285623903632266,0.13461209833622,108.385055541992,805.165771484375,0.00358409765,100141599,622,5601443840.0,21735000.0,2355749120.0,2925794.0,0.026625375
2088,2,631596670,False,0.405440866947174,9610,6570,6230,0.00183305037818744,5.25977770014588e-05,0.0153436145317714,291.716026921552,0.000230016867259532,100141599,386,430859742592.0,3569901276.0,54775189.0954227,187768.871232271,4.3731290631
2089,2,631595998,False,0.749597012996674,6390,4280,6460,0.165905342924967,0.0919718304432066,49.230008735149,535.272686190028,0.02081831885,100141599,127,36943303680.0,184779904.0,9096716288.0,16994546.0,0.2263553824
2090,2,631597717,False,1.0,7600,1340,6590,1.5953462659463,0.046555929134619,82.3739664786619,1769.35501041066,0.20018901534502,100141599,776,578986717952.0,3510178132.0,289147295779.5,163419604.363281,4.2999682117
2091,1,631603495,False,0.00893903709948063,9210,6110,4060,1.03325319641072e-06,3.24963423281588e-07,4.61433010059409e-05,141.995376586914,1.29655827331543e-07,100141599,612,41569411072.0,325702784.0,15029.001953125,105.841491699219,0.3989859104
2092,1,631601550,False,0.32936829328537,6530,5140,5430,0.0014371157853462,0.00216182554140687,0.923582494258881,427.223419189453,0.000180333762109375,100141599,1077,8430922240.0,68095800.0,62892088.0,147211.234375,0.083417355
2093,3,631606271,False,0.294764190912247,10230,5010,5560,0.000846036204628059,0.000990976671040445,0.316912833178965,319.79848006536,0.000106163256445312,100141599,238,6149523456.0,87453000.0,27714978.0,86663.8828125,0.107129925
2094,2,631597350,False,1.0,8150,2400,6620,0.24184400903008,0.267918348312378,625.453857421875,2334.49438476562,0.03034733905,100141599,628,72422899712.0,92466000.0,57833218048.0,24773338.0,0.11327085
2095,1,631602502,False,0.142916604876518,10520,4340,5500,0.000121598870575368,0.000266836403170601,0.0990906953811646,371.353729248047,1.52586047851562e-05,100141599,880,6433524224.0,46680300.0,4625583.5,12456.00390625,0.0571833675
2096,1,631602643,False,0.416981011629105,8430,2860,1340,0.00640107148665144,0.00204106513410807,0.834133505821228,408.675598144531,0.000803226375,100141599,847,49893437440.0,321251392.0,267966544.0,655695.0,0.3935329552
2097,2,631596700,True,1.0,7850,740,7510,0.0655775396424614,0.999990165233612,7617.03369140625,7617.1083984375,0.0082288738,100141599,401,51167920128.0,6717514.0,51167531008.0,6717448.0,0.00822895465
2098,3,631610259,False,0.591961145401001,6920,1620,7950,0.00908278926675877,0.0420815255615259,19.9345465729509,473.712545040823,0.00113973666953125,100141599,182305713,2385619072.0,22109400.0,440740864.0,930397.28125,0.027084015
2099,1,631602314,False,0.543702960014343,9680,3190,1900,0.02749707867842,0.000981369898008526,0.36324226888193,370.137977147099,0.00345041902375488,100141599,918,279507918848.0,2870139584.0,1042556014.5,2816668.59082031,3.5159209904
2100,3,631606314,False,0.0,0,0,0,0.0,0.0,0.0,0.0,0.0,100141599,263,9654959104.0,83300400.0,0.0,0.0,0.10204299
2101,3,631608789,False,0.516785264015198,8580,2220,9930,0.0170471973483347,0.0261497460061817,13.4864080792834,515.737631872036,0.00213913538671875,100141599,759,12197103104.0,66778200.0,900598056.0,1746232.96875,0.081803295
2102,2,631595833,False,1.0,6750,2600,8470,0.129379060778752,0.00494196246903888,8.52842483707107,1725.71622923103,0.0162348872695663,100141599,73,67130751191.0,2681721944.0,22870864033.3281,13252969.199646,3.2851093814
2103,1,631596357,False,0.247574388980865,8940,1950,1490,0.00137938690804375,0.00423447834327817,1.35831034183502,320.773956298828,0.000173089762890625,100141599,312782578,4008448256.0,33368400.0,45324644.0,141297.765625,0.04087629
2104,1,631605834,False,0.0767629593610764,3080,4730,3490,6.30878528403687e-05,8.27800160036515e-06,0.00427405259933804,516.314541319914,7.91646015033205e-06,100141599,119,18385724052.0,780673496.0,3336639.58481312,6462.41644925065,0.9563250326
2105,2,631596478,False,0.14989709854126,10770,4850,6050,6.38046032255994e-05,0.000836640654597431,0.667683064937592,798.052368164062,8.00640021972656e-06,100141599,318,1234443264.0,7812000.0,5215940.0,6535.8369140625,0.0095697
2106,3,631606077,False,0.548027217388153,8790,2500,5780,0.0301085557357412,0.010375250169224,6.43630212384743,620.351511420839,0.00377811529375,100141599,42,48437014528.0,297262784.0,1913273088.0,3084175.75,0.3641469104
2107,3,631606179,False,0.749597012996674,6390,4280,6460,0.198982132042373,0.0551541939119635,28.7097338896767,520.535826078844,0.0249688973078125,100141599,127,64626168832.0,369559808.0,10609963744.0,20382773.3125,0.4527107648
2108,2,631599310,False,0.00932216178625822,12070,6910,7580,8.10153990552902e-07,3.24246434502129e-06,0.000293889752356336,90.6377716064453,1.0166064453125e-07,100141599,963,273292256.0,25594200.0,7521.873046875,82.98828125,0.031352895
2109,1,631596270,False,0.368742406368256,7640,930,3040,0.00666739596865502,0.00549124227836728,2.306809425354,420.088836669922,0.0008366456,100141599,312782608,18276472832.0,124375504.0,286910592.0,682976.0,0.1523599924
2110,2,631598966,False,0.77303946018219,8400,4340,10050,0.0226122687966381,0.00300619180608895,1.02774001776108,341.874399258034,0.0028374578746582,100141599,895,72027523328.0,770507104.0,791880984.75,2316292.14257812,0.9438712024
2111,3,631606598,False,0.37909796833992,9160,3790,9950,0.00081770920800557,0.00707857565291009,2.145830745276,303.144424880707,0.000102608696734619,100141599,368,1036792096.0,11833200.0,25392044.375,83762.2014160156,0.01449567
2112,2,631599330,False,0.742581963539124,8170,3510,8230,0.0558664055277306,0.00103447852439097,0.620972345410017,600.275724211486,0.00701029046307268,100141599,967,170256856352.0,5531952532.0,3435189538.49292,5722686.09230423,6.7766418517
2113,1,631605556,False,0.400984317064285,8850,2620,1240,0.00642787562877164,0.00467748520895839,1.85293400287628,396.138916015625,0.0008065898421875,100141599,234,18342002688.0,140768096.0,260833984.0,658440.6875,0.1724409176
2114,3,631606243,False,0.518021523952484,10070,2450,9760,0.058046663017616,0.0264644462221147,8.94396369763877,337.961490770392,0.00728387595947266,100141599,312782632,22283553792.0,224679600.0,2009526186.0,5946021.19140625,0.27523251
2115,2,631596484,False,0.60768735408783,5910,610,6430,0.0284981302223671,0.00488128233700991,1.82910227775574,374.717559814453,0.0035760340875,100141599,320,34878488576.0,598041920.0,1093879808.0,2919211.5,0.732601352
2116,1,631602238,False,0.0,0,0,0,0.0,0.0,0.0,0.0,0.0,100141599,932,10583938112.0,309593712.0,0.0,0.0,0.3792522972
2117,2,631597768,False,0.190139412879944,10610,1550,6660,0.000813555302627902,0.000164385695825331,0.110874466598034,674.477600097656,0.000102087451757812,100141599,811,124762808320.0,506958304.0,56208732.0,83336.6953125,0.6210239224
2118,3,631610027,False,0.0,0,0,0,0.0,0.0,0.0,0.0,0.0,100141599,1116,510591104.0,26125200.0,0.0,0.0,0.03200337
2119,1,631602290,False,0.207053691148758,9190,3810,1490,0.000447324645407501,0.000128927859345028,0.037121780802239,287.926759901412,5.61316889099121e-05,100141599,922,33288400416.0,355406404.0,13193318.625,45821.7868652344,0.4353728449
2120,3,631607050,False,0.694861650466919,8070,2430,6220,0.0242338438707879,0.0629903296692143,78.022744739807,1238.64639460586,0.0030409381625,100141599,531,8720344576.0,39409200.0,3074813952.0,2482398.5,0.04827627
2121,3,631609660,False,0.285540074110031,12190,2170,7330,0.000942697585840937,1.88367275332148e-05,0.00401370481791963,213.078668300652,0.000118292627441406,100141599,1007,679582285824.0,5126443008.0,20576029.0,96565.41015625,6.2798926848
2122,1,631605805,False,0.16858646273613,7730,1990,5610,0.000149928863089732,3.82959296985064e-05,0.00693792384117842,181.166091918945,1.88135404296875e-05,100141599,129,6385153024.0,401034592.0,2782347.5,15357.9921875,0.4912673752
2123,1,631603603,False,0.918292701244354,7890,1030,4560,4.75545056149496,0.00392983607162619,2.22964282892529,567.362808088493,0.596728738925472,100141599,567,12806579016258.0,123955679648.0,276376892231.724,487125501.163651,151.8457075688
2124,3,631608325,False,0.997395634651184,7980,1230,6320,0.931141653653948,0.160640931029238,175.559660178284,1092.87003663052,0.1168425531,100141599,590,219208433664.0,593756992.0,104239775744.0,95381676.0,0.7273523152
2125,1,631604667,False,0.0,0,0,0,0.0,0.0,0.0,0.0,0.0,100141599,506,522269472.0,5330700.0,0.0,0.0,0.0065301075
2126,1,631601069,False,0.426040679216385,6730,1750,3470,0.00134945960226969,0.0125043783336878,4.13209819793701,330.452087402344,0.00016933439140625,100141599,182305713,927839872.0,11054700.0,45679104.0,138232.15625,0.0135420075
2127,1,631603533,False,0.387313693761826,7880,3710,1490,0.00192939166237392,0.00953734386712313,2.76768803596497,290.194854736328,0.000242106071484375,100141599,598,2024820992.0,20722500.0,57353416.0,197637.609375,0.0253850625
2128,2,631597099,False,0.0142815941944718,8530,6500,9830,4.62153055345847e-06,7.48914260384481e-07,0.000100317527540028,133.950622558594,5.79924039459228e-07,100141599,566,52499046400.0,632124928.0,63413.2109375,473.407379150391,0.7743530368
2129,3,631606226,False,0.569941997528076,9290,3400,9770,0.0226619524768225,0.0788153999198734,35.3387659149708,448.373870473251,0.0028436923375,100141599,312782652,4446028672.0,29453400.0,1040846808.0,2321381.5,0.036080415
2130,1,631601919,False,0.0,0,0,0,0.0,0.0,0.0,0.0,0.0,100141599,1004,7300226048.0,87759904.0,0.0,0.0,0.1075058824
2131,1,631605934,False,0.0,0,0,0,0.0,0.0,0.0,0.0,0.0,100141599,50,6507408384.0,76817696.0,0.0,0.0,0.0941016776
2132,2,631599324,False,0.189344614744186,5860,5740,8930,0.00020411638169302,4.77667636005208e-05,0.012659958563745,265.036987304688,2.56131589355469e-05,100141599,966,37591044096.0,437724896.0,5541579.0,20908.701171875,0.5362129976
2133,3,631610077,False,0.523959934711456,9380,6590,6970,0.00123006997894548,3.63627771893942e-05,0.0175973486816773,483.938522902752,0.000154353009842976,100141599,1132,394453600256.0,3465149440.0,60977442.929799,126002.457014674,4.244808064
2134,1,631601218,False,0.0,0,0,0,0.0,0.0,0.0,0.0,0.0,100141599,1139,3625849856.0,26278200.0,0.0,0.0,0.032190795
2135,3,631606295,False,0.657481849193573,7710,2240,9760,0.0263534288017119,0.00874311410015343,4.24579175230401,485.615503088253,0.00330691027734375,100141599,252,52346351616.0,308759392.0,1310928080.0,2699518.59375,0.3782302552
2136,2,631599501,False,0.00807148311287165,5600,6130,8420,5.58880113801725e-07,2.96918301501137e-07,4.65111224912107e-05,156.646194458008,7.01300163269043e-08,100141599,998,21824940032.0,192810592.0,8967.8369140625,57.2489929199219,0.2361929752
2137,3,631606780,False,0.0774345993995667,13070,6870,4010,2.64046792940214e-05,1.78790811308173e-06,0.000404231155551072,226.091683679604,3.31334134864807e-06,100141599,429,217591291904.0,1512811776.0,611525.65234375,2704.76844787598,1.8531944256
2138,1,631600220,False,0.0,0,0,0,0.0,0.0,0.0,0.0,0.0,100141599,560581551,13985320960.0,106070400.0,0.0,0.0,0.12993624
2139,2,631596739,False,0.736250162124634,8870,1380,9500,0.134735050049116,0.165652588009834,115.471862792969,697.072448730469,0.016906973475,100141599,421,21330188288.0,83316600.0,9620722688.0,13801611.0,0.102062835
2140,3,631606500,False,0.0,0,0,0,0.0,0.0,0.0,0.0,0.0,100141599,332,614602304.0,5592600.0,0.0,0.0,0.006850935
2141,2,631598765,False,0.216418594121933,6810,4180,9650,0.00101563146527053,0.00443253200501204,1.35001313686371,304.569274902344,0.00012744459765625,100141599,849,1823974656.0,23471100.0,31686292.0,104036.40625,0.0287520975
2142,2,631596761,False,0.167891517281532,5510,4980,5900,5.18645274004629e-05,0.00141730101313442,0.519687592983246,366.674133300781,6.50812233886719e-06,100141599,428,316724320.0,3748500.0,1948049.0,5312.7529296875,0.0045919125
2143,3,631609885,False,1.0,7770,560,7500,0.509998174685838,0.300627772944468,632.207695572027,2102.95838398406,0.06399615845,100141599,1066,131790949376.0,173775568.0,109862251392.0,52241762.0,0.2128750708
2144,1,631605618,False,0.313054233789444,4930,1470,5520,0.0060171775490601,0.00226655788719654,0.833776772022247,367.8603515625,0.00075505416875,100141599,211,32460097536.0,271941312.0,226738352.0,616370.75,0.3331281072
2145,2,631597309,False,0.0103587675839663,5890,7160,7590,1.0316841963551e-06,7.35088740965656e-07,5.13267517137605e-05,69.8238849997004,1.29458944320679e-07,100141599,619,17928600576.0,143766004.0,7379.0419921875,105.680770874023,0.1761133549
2146,1,631605844,False,0.0,0,0,0,0.0,0.0,0.0,0.0,0.0,100141599,115,419488576.0,3266100.0,0.0,0.0,0.0040009725
2147,3,631606610,False,0.0,0,0,0,0.0,0.0,0.0,0.0,0.0,100141599,372,4678087168.0,48121200.0,0.0,0.0,0.05894847
2148,1,631600713,False,0.0,0,0,0,0.0,0.0,0.0,0.0,0.0,100141599,607344862,1100700288.0,8583300.0,0.0,0.0,0.0105145425
2149,2,631595875,False,0.0236387588083744,11090,3960,7750,4.72581714445233e-06,1.25106180348666e-06,0.000176155852386728,140.805068969727,5.93010245513916e-07,100141599,91,69721251840.0,386943296.0,68162.328125,484.089996337891,0.4740055376
2150,2,631599095,False,0.625776171684265,9600,4060,9640,0.14913482513844,0.00532261735318423,2.05710404692987,386.483549432538,0.0187139020759277,100141599,918,277005422592.0,2870139584.0,5904175753.5,15276654.7558594,3.5159209904
2151,1,631604680,False,0.617176294326782,4720,1520,5220,0.0763445274568198,0.000710770346888594,0.29917028420034,420.909912055225,0.00957994894575195,100141599,500,723149567488.0,11002662844.0,3291669770.0,7820366.48632812,13.4782619839
2152,3,631609010,False,0.729278028011322,6010,1520,6750,0.285958163749703,0.0113150293593773,7.86349973626548,694.960612695948,0.0358829205,100141599,844,253549862912.0,2588785152.0,20356911360.0,29292180.0,3.1712618112
2153,2,631596427,False,0.62716019153595,4260,2380,5940,0.151986806303595,0.0688813850283623,41.3963851928711,600.980712890625,0.01907177755,100141599,296,41787789312.0,226023296.0,9356547072.0,15568798.0,0.2768785376
2154,2,631597556,False,1.0,7210,1750,8360,32.5356369322949,0.0335263824754637,45.1522079161551,1346.76647411034,4.08267299716011,100141599,688,17336401317547.1,99408108997.0,4488495605984.35,3332794283.39601,121.774933521325
2155,2,631597661,False,0.665390431880951,6910,3810,8050,0.0758229295156777,0.0104944845661521,9.28194999694824,884.459838867188,0.0095144972125,100141599,733,133150810112.0,740097024.0,6869543424.0,7766936.5,0.9066188544
2156,3,631606325,False,0.696188628673553,10210,2170,9150,0.0934702044355662,0.0518571133121732,26.7490997156942,515.823153415194,0.0117289322007812,100141599,269,30620249088.0,184635008.0,4938820240.0,9574638.53125,0.2261778848
2157,1,631603139,False,0.177094891667366,5990,4910,1970,0.000469638813152646,1.20012155093718e-05,0.00318670179694891,265.531585693359,5.89317401367187e-05,100141599,703,369523792384.0,4008555776.0,12774072.0,48107.54296875,4.9104808256
2158,3,631609421,False,0.646928429603577,3810,4670,7490,0.121539599869581,0.00801324114631044,2.9358171046792,366.370742010047,0.0152511673125,100141599,956,102983636992.0,1553670016.0,4561291008.0,12449932.5,1.9032457696
2159,2,631596148,False,0.352660596370697,7420,5610,6570,0.000760959701342224,8.39038257254288e-05,0.0249599274247885,297.482574462891,9.54875919921875e-05,100141599,194,74884300800.0,929028608.0,23188486.0,77949.0546875,1.1380600448
2160,1,631605368,False,0.540717780590057,2260,3170,5120,0.0435112271754335,0.0189266614615917,7.91908597946167,418.409027099609,0.005459924225,100141599,288,30845325312.0,235492192.0,1864882944.0,4457081.0,0.2884779352
2161,1,631605157,False,0.46039867401123,9160,1780,5620,0.000732799515061735,2.43274416417286e-05,0.0105512868275985,433.719541207325,9.19539641624451e-05,100141599,339,493827824960.0,3085587940.0,32556923.3867188,75064.4605407715,3.7798452265
2162,3,631606280,False,0.558419466018677,7880,2350,9350,0.0156032075522407,0.0583029690577807,21.6818186328154,371.881895265535,0.00195793905234375,100141599,243,3048524672.0,27414000.0,594385376.0,1598317.59375,0.03358215
2163,1,631601967,False,0.0244036857038736,11350,3630,4900,2.95157764094316e-06,1.33830792492518e-06,0.000218980625504628,163.625,3.70373149871826e-07,100141599,989,28104521728.0,225916192.0,49471.26953125,302.345428466797,0.2767473352
2164,3,631606652,False,1.0,8630,1060,7580,7.35834857670759,0.118389655103751,156.976607385863,1325.93179064756,0.9233484840125,100141599,385,1991768147968.0,6366720672.0,999426211264.0,753753864.5,7.7992328232
2165,3,631606411,False,1.0,7650,1230,7670,2.10001677383774,0.166080696172654,276.957181429006,1667.60609638274,0.263516641582031,100141599,312782546,548483949184.0,1295247616.0,358728128980.0,215115625.78125,1.5866783296
2166,3,631606707,False,1.0,8470,1970,9240,0.850342616317776,0.127644792933791,122.927157081695,963.04090638039,0.106703638388867,100141599,402,194146179840.0,682401600.0,83885688676.0,87105010.9296875,0.83594196
2167,3,631606269,False,0.178322553634644,13010,5490,5330,2.55201057226476e-05,0.000311922129441327,0.112176529985204,359.62991848677,3.2023423034668e-06,100141599,237,853909024.0,8380800.0,940129.0625,2614.15698242188,0.01026648
2168,3,631606088,False,0.30872654914856,9800,4010,10000,0.00461165086711566,0.000398520750287535,0.143948928601008,361.208113999455,0.000578684305664062,100141599,52,117952036864.0,1185372032.0,170633034.0,472395.3515625,1.4520807392
2169,2,631600286,False,0.0,0,0,0,0.0,0.0,0.0,0.0,0.0,100141599,1116,254050496.0,13062600.0,0.0,0.0,0.016001685
2170,2,631597429,False,0.895486295223236,8400,2040,9120,0.0225560953044093,0.230765342712402,250.826309204102,1086.93225097656,0.00283040905,100141599,649,4275754240.0,10012500.0,2511398400.0,2310538.0,0.0122653125
2171,3,631609214,False,0.862860858440399,9860,4220,9470,0.434379850132482,0.00433800528977146,1.80041090682076,415.031975886689,0.0545073357050537,100141599,909,1070674792448.0,10257199168.0,18467173255.5,44495784.2490234,12.5650689808
2172,2,631597417,False,0.016195934265852,8590,6800,9030,7.7653463621056e-06,7.07719921878624e-07,6.56662094498521e-05,92.7855885073051,9.74419833001494e-07,100141599,647,90945560576.0,1123954176.0,73805.810333252,795.444761633873,1.3768438656
2173,1,631604714,False,0.486496895551682,6560,1500,4320,0.010027645496372,0.00432255864143372,1.75141656398773,405.180541992188,0.0012583001703125,100141599,478,25622886400.0,237633296.0,416194880.0,1027183.8125,0.2911007876
2174,2,631600784,False,0.138033539056778,8210,4480,5780,2.68825262824784e-05,0.000374136143364012,0.146825611591339,392.438995361328,3.37330307617187e-06,100141599,549009211,1254327808.0,7360200.0,1080665.875,2753.716796875,0.009016245
2175,1,631605189,False,0.0,0,0,0,0.0,0.0,0.0,0.0,0.0,100141599,334,32820654080.0,322994688.0,0.0,0.0,0.3956684928
2176,1,631605561,False,0.498264491558075,8330,1830,2140,0.0140238544283793,0.0157301239669323,6.67356014251709,424.253509521484,0.00175975690625,100141599,233,14273435648.0,91323904.0,609455552.0,1436536.25,0.1118717824
2177,3,631610324,False,1.0,9540,1660,6940,0.853960831422127,0.0450717516067889,87.4338698893487,1939.88178343127,0.107157663282715,100141599,302,391087337472.0,1940808608.0,169692407312.0,87475643.4960938,2.3774905448
2178,2,631597508,False,0.747407913208008,6890,390,6720,0.300801128746092,0.134975418448448,88.7006454467773,657.161437988281,0.03774546195,100141599,671,49074089984.0,228283200.0,20248866816.0,30812622.0,0.27964692
2179,2,631596487,False,0.999945402145386,7630,4520,8200,0.0572112451499386,0.484855204820633,985.528564453125,2032.62438964844,0.007179045125,100141599,321,14580037632.0,12087000.0,11912083456.0,5860445.0,0.014806575
2180,2,631599837,False,0.389246821403503,4050,4110,8740,0.00195180204305554,0.000251254038264998,0.101839880812511,405.326344267951,0.000244918195809936,100141599,1057,86105025792.0,795741324.0,81038201.59375,199933.221069336,0.9747831219
2181,2,631600248,False,0.0,0,0,0,0.0,0.0,0.0,0.0,0.0,100141599,1109,7044360192.0,43501500.0,0.0,0.0,0.0532893375
2182,3,631609224,False,0.0,0,0,0,0.0,0.0,0.0,0.0,0.0,100141599,911,446808640.0,6123600.0,0.0,0.0,0.00750141
2183,1,631605995,False,0.493352234363556,6640,1250,4490,0.0204745548540501,0.0200110785663128,8.91908836364746,445.70751953125,0.002569210875,100141599,9,13136657408.0,104807696.0,934789056.0,2097315.0,0.1283894276
2184,2,631600632,False,0.494824886322021,6580,5180,5770,0.00730388070508808,0.0189652759581804,8.04538726806641,424.216705322266,0.0009165136859375,100141599,560581559,5847606272.0,39449700.0,317388096.0,748174.4375,0.0483258825
2185,2,631600059,False,0.552025377750397,5390,2010,6650,0.0108561064884101,0.0335826985538006,14.661750793457,436.586456298828,0.001362258034375,100141599,1085,3183809536.0,33113700.0,485504832.0,1112047.375,0.0405642825
2186,3,631610127,False,0.0,0,0,0,0.0,0.0,0.0,0.0,0.0,100141599,484682528,3229454336.0,31615200.0,0.0,0.0,0.03872862
2187,1,631605315,False,0.225366413593292,3690,2710,5500,0.000268561071398729,0.000145340862218291,0.0433968864381313,298.586944580078,3.36998791992187e-05,100141599,304,18902571008.0,189279904.0,8214158.5,27510.10546875,0.2318678824
2188,2,631600052,False,0.524306416511536,9160,3030,8290,0.0730027806145231,0.0181281547993422,8.3191385269165,458.907073974609,0.00916061615,100141599,1084,55988056064.0,412510496.0,3431731968.0,7478054.0,0.5053253576
2189,1,631600793,False,0.0,0,0,0,0.0,0.0,0.0,0.0,0.0,100141599,607344834,6191927296.0,36153000.0,0.0,0.0,0.044287425
2190,3,631606844,False,0.617899894714355,2620,3820,6900,0.0665525463372346,0.0201769854207425,10.1868101082423,504.872749611541,0.008351220675,100141599,448,48447369216.0,337876192.0,3441880608.0,6817323.0,0.4138983352
2191,1,631603471,False,0.307639360427856,3030,3390,5220,0.00183208211983473,0.000885180139448494,0.393394351005554,444.422943115234,0.0002298953671875,100141599,620,28696412160.0,212012992.0,83404712.0,187669.6875,0.2597159152
2192,2,631597787,False,0.862860858440399,9860,4220,9470,0.800258957921986,0.0098443640177481,4.5927372595957,466.534684344829,0.100418985036084,100141599,822,995040937984.0,8327067296.0,38244032233.5,81974681.6621094,10.2006574376
2193,2,631597292,False,0.372931927442551,10000,3750,7340,0.00177363708852228,0.000732171174604446,0.352457225322723,481.386352539062,0.000222561502734375,100141599,616,31380029440.0,248142592.0,87459648.0,181682.859375,0.3039746752
2194,1,631604772,False,0.4440698325634,8260,2410,1940,0.00421422848283114,0.0543882921338081,19.1637001037598,352.349731445312,0.0005288145078125,100141599,456,977534144.0,7937100.0,152104208.0,431685.3125,0.0097229475
2195,1,631605758,False,0.0,0,0,0,0.0,0.0,0.0,0.0,0.0,100141599,148,204268528.0,65983500.0,0.0,0.0,0.0808297875
2196,3,631609878,False,1.0,8790,6120,6610,0.419637088718139,0.00100183416969279,1.19426099785634,1192.07453088026,0.0526573681124362,100141599,1065,4182684610832.0,42906908072.0,51242046848.9971,42985606.6223969,52.5609623882
2197,2,631597716,False,1.0,8160,660,7070,0.752260360304427,0.233538225293159,304.390258789062,1303.38525390625,0.0943959716,100141599,774,159871998687.25,329958560.0,100436172800.0,77057936.0,0.404199236
2198,2,631600558,False,0.549240410327911,5230,2840,6110,0.00237236334838815,0.000958176155108958,0.401276260614395,418.791748046875,0.0002976915375,100141599,250,18425151488.0,253620896.0,101772048.0,243013.5,0.3106855976
2199,3,631608636,False,0.354556262493134,3500,4790,7730,0.00188489477193756,0.000360603041726764,0.14408050241187,399.554318016659,0.000236522463165283,100141599,694,36061248512.0,535435200.0,77145772.625,193079.561767578,0.65590812
2200,2,631597064,False,0.00596261397004128,13140,7030,7400,7.18116414519026e-07,1.11829263005347e-06,0.000208970537642017,186.865707397461,9.0111483001709e-08,100141599,553,392396672.0,65779200.0,13745.9150390625,73.5603942871094,0.08057952
2201,3,631609495,False,1.0,7750,1250,6660,0.663475015751252,0.0553063749845839,62.2646144154234,1125.81261080262,0.0832549102,100141599,971,188059123712.0,1228849152.0,76513818624.0,67963192.0,1.5053402112
2202,1,631602709,False,0.229681357741356,4090,6230,5670,0.000826754720788765,0.000124555603024168,0.0342059428956414,274.623879336879,0.000103743755834961,100141599,826,74119244800.0,679927504.0,23257561.375,84688.7802734375,0.8329111924
2203,2,631596372,False,0.549240410327911,5230,2840,6110,0.00767180078792234,0.000489991728257039,0.172078678883386,351.186905737145,0.000962681443170166,100141599,275,133215552768.0,1603827896.0,275984585.5,785862.402587891,1.9646891726
2204,1,631602639,False,0.131987139582634,6510,6720,4190,0.000340768576942135,5.93345539527945e-05,0.010013704188168,168.766815185547,4.27607017578125e-05,100141599,848,12823338432.0,588302976.0,5891092.0,34906.6953125,0.7206711456
2205,1,631604807,False,0.0,0,0,0,0.0,0.0,0.0,0.0,0.0,100141599,445,51610066944.0,448366496.0,0.0,0.0,0.5492489576
2206,3,631609739,False,0.476071566343307,8170,3610,10180,0.0124924685221773,0.00235146192231221,0.874135643239724,371.741355854141,0.0015675938359375,100141599,1023,75134910464.0,544201216.0,475705680.0,1279668.4375,0.6666464896
2207,3,631609769,False,0.60983943939209,6870,5100,7810,0.00129213022130951,0.00034719989329776,0.15170267659904,436.931806511068,0.000162140522232056,100141599,1031,24243715072.0,381220192.0,57832123.5,132359.609985352,0.4669947352
2208,2,631596380,False,1.0,7960,1080,6970,0.0461405334645619,0.305661588907242,721.17626953125,2359.39453125,0.0057898577625,100141599,279,13520339968.0,15462900.0,11151476736.0,4726414.5,0.0189420525
2209,3,631608488,False,0.645600974559784,8480,2040,10080,0.0758304464634121,0.0587343990309365,30.3196616141682,516.216427075354,0.0095154404625,100141599,643,22064274432.0,132251400.0,4009817696.0,7767706.5,0.162007965
2210,2,631596611,False,0.584785759449005,3830,2740,6360,0.0669994776913949,0.0155715253204107,7.83598661422729,503.225372314453,0.0084073030125,100141599,363,61164986368.0,440747104.0,3453688320.0,6863104.5,0.5399152024
2211,2,631597561,False,0.655244708061218,6250,4760,6270,0.0122424098120611,0.0215102806687355,9.49796485900879,441.5546875,0.001536215690625,100141599,690,4206591744.0,58300200.0,553733248.0,1254053.625,0.071417745
2212,2,631597836,False,0.599053978919983,7940,3300,10280,0.0156879907298266,0.00500232027843595,2.37808060646057,475.3955078125,0.001968577909375,100141599,847,56231702528.0,321251392.0,763961728.0,1607002.375,0.3935329552
2213,2,631597500,False,1.0,7770,560,7500,14.5378101442567,0.24993776028094,471.131098202296,1884.99367871716,1.8242496692875,100141599,669,3730189621250.38,5958216965.0,2807101302048.0,1489183403.5,7.298815782125
2214,3,631608457,False,0.171981185674667,5620,7180,7990,0.000161283247400766,5.6220221252832e-06,0.000880753755602425,156.661381968158,2.02383239162534e-05,100141599,631,239609223168.0,2938636736.0,2588215.34158325,16521.080747962,3.5998300016
2215,3,631609348,True,0.00045046623563394,8290,1170,7200,2.57620800751443e-08,1.0,7595.4781732573,7595.4781732573,3.23270599842071e-09,100141599,940,20044.0390625,2.63894367218018,20044.0390625,2.63894367218018,3.23270599842071e-09
2216,1,631602216,False,0.0,0,0,0,0.0,0.0,0.0,0.0,0.0,100141599,939,919264128.0,9543600.0,0.0,0.0,0.01169091
2217,1,631604932,False,0.141267195343971,7220,6170,3960,0.000178290449512365,2.00065496755997e-05,0.00409902213141322,204.884017944336,2.23724405761719e-05,100141599,403,84539047936.0,912861888.0,3741841.25,18263.216796875,1.1182558128
2218,2,631598797,False,0.25958377122879,6530,1110,8110,0.00122791202174455,0.000285522779449821,0.110456891357899,386.858428955078,0.00015408222265625,100141599,854,66193481728.0,440530208.0,48659596.0,125781.40625,0.5396495048
2219,1,631604642,False,0.0244036857038736,11350,3630,4900,3.42879024423099e-06,4.37985927929952e-07,7.38698537002078e-05,168.658052666984,4.30255272769928e-07,100141599,519,137375036928.0,801917988.0,59237.564453125,351.2287940979,0.9823495353
2220,3,631609160,False,0.224957019090652,5970,4750,10560,0.000196195833458959,6.66439773553631e-05,0.0128133749436038,192.266059921357,2.46192638885498e-05,100141599,897,23440679936.0,301563008.0,3864039.890625,20097.3582763672,0.3694146848
2221,1,631602282,False,0.245831370353699,8750,5230,3660,0.000494480167038075,0.000127082908875309,0.0276311468333006,217.426162719727,6.2048910546875e-05,100141599,924,5681567744.0,398575808.0,11013107.0,50652.171875,0.4882553648
2222,2,631596623,False,0.37909796833992,9160,3790,9950,0.000781967724580802,0.0135383522138,4.1021728515625,303.003845214844,9.8123744140625e-05,100141599,368,567185152.0,5916600.0,24270916.0,80101.015625,0.007247835
2223,2,631597711,False,0.763019382953644,4010,3260,6200,0.157936441148581,0.035859864205122,18.8766708374023,526.401062011719,0.01981835625,100141599,772,74504060928.0,451152000.0,8516247552.0,16178250.0,0.5526612
2224,3,631606148,False,0.204514399170876,7340,5230,7350,9.35985072017116e-05,9.480874904576e-05,0.0435966541280521,459.837879592841,1.174503203125e-05,100141599,102,9541678080.0,101127600.0,4408825.0,9587.78125,0.12388131
2225,2,631599601,False,0.269766837358475,11640,2780,8400,0.00101386623906384,2.13583239557004e-05,0.00803710022339379,376.298263855518,0.000127223091577148,100141599,1017,847702196224.0,4862534400.0,39080676.3125,103855.584960938,5.95660464
2226,3,631606158,False,0.31452950835228,7040,2940,8670,0.00218562682902127,0.000172029994349878,0.0525043056923349,305.204367940342,0.000274259257788086,100141599,108,14743053824.0,1301430656.0,68330713.0,223885.108398438,1.5942525536
2227,3,631606068,False,0.0115457167848945,5960,5860,5740,2.77307241672879e-06,1.67217187817081e-06,0.000245381909893714,146.744430460186,3.4797375869751e-07,100141599,38,12000909824.0,169875008.0,41684.25390625,284.060211181641,0.2080968848
2228,2,631596995,False,0.29640120267868,11200,5760,9770,0.00373522704936711,1.65966375250553e-05,0.00459508075751489,276.86817589273,0.00046870791693573,100141599,528,3726787237376.0,23053989528.0,105934943.664062,382618.707702637,28.2411371718
2229,2,631597068,False,0.222099557518959,3710,3580,5830,0.000391614977778452,0.000632429902907461,0.238307654857635,376.812744140625,4.914106640625e-05,100141599,556,6652309504.0,63430200.0,15115902.0,40115.15625,0.077701995
2230,3,631606214,False,0.0,0,0,0,0.0,0.0,0.0,0.0,0.0,100141599,173,9056818176.0,135296992.0,0.0,0.0,0.1657388152
2231,3,631606251,False,0.0861987695097923,4510,6520,6350,2.63263557586332e-05,5.35091456564036e-06,0.00130731098793123,244.31542905316,3.30351306762695e-06,100141599,226,47716943872.0,503978400.0,658856.5,2696.74536132812,0.61737354
2232,3,631610295,False,0.991644442081451,8910,2180,9350,0.40368721799571,0.0933707127966594,73.750574456949,789.868388576634,0.0506559286864258,100141599,312782574,101057918656.0,442877400.0,32662462664.0,41351778.5195312,0.542524815
2233,3,631610407,False,0.23397034406662,2300,3590,6760,0.00103491227946759,0.000180651393036828,0.0787235498696687,435.776046596109,0.000129864014237809,100141599,151,38321469440.0,586828800.0,46197246.3017578,106011.44019413,0.71886528
2234,1,631601185,False,0.0,0,0,0,0.0,0.0,0.0,0.0,0.0,100141599,563807435,14633964544.0,125820896.0,0.0,0.0,0.1541305976
2235,1,631602722,False,0.507404506206512,8540,1030,2810,0.0339482394847257,0.0038657383993268,1.85842931270599,480.743682861328,0.0042599307625,100141599,821,132215554048.0,899568000.0,1671783552.0,3477494.5,1.1019708
2236,3,631606687,False,0.00192954496014863,8810,4460,5740,5.61136491694299e-08,1.70949694941845e-07,2.56378333568006e-05,149.972969331839,7.04131536483765e-09,100141599,397,2360750080.0,33624000.0,862.046508789062,5.74801254272461,0.0411894
2237,1,631605655,False,0.0,0,0,0,0.0,0.0,0.0,0.0,0.0,100141599,197,2092574208.0,25048800.0,0.0,0.0,0.03068478
2238,1,631603020,False,0.0826042965054512,7290,4940,5330,5.60289219747431e-06,5.92501783103216e-06,0.00203809561207891,343.981353759766,7.03068353271484e-07,100141599,741,11311499264.0,96866096.0,197422.375,573.933349609375,0.1186609676
2239,1,631605737,False,0.473140686750412,8020,2410,1910,0.0141855371405579,0.0174983330070972,6.90592670440674,394.661987304688,0.00178004535625,100141599,156,11212351488.0,83042096.0,573482624.0,1453098.25,0.1017265676
2240,3,631608705,False,1.0,8140,870,7800,0.443756183234435,0.0493405333158608,45.7180975006631,926.582961882311,0.05568390716875,100141599,721,207602278400.0,921276032.0,42118987456.0,45456250.75,1.1285631392
2241,3,631609582,False,0.265997648239136,9260,3450,10030,0.0020549360915648,0.000441460060918839,0.160050451301521,362.54797538966,0.000257859777246094,100141599,988,51070892032.0,476821792.0,76315543.0,210497.77734375,0.5841066952
2242,2,631599114,False,0.605134248733521,6610,1900,8060,0.0443268312581648,0.0079933675810949,3.89357768659369,487.101043095075,0.0055622687640625,100141599,182305689,87968813312.0,568049388.0,2211744422.0,4540627.5625,0.6958605003
2243,3,631608577,False,0.0376455150544643,8100,5790,6390,6.35536811933494e-06,2.27883619564411e-05,0.00470985033849299,206.677880029098,7.97491374206543e-07,100141599,673,984155072.0,28567800.0,134550.0625,651.013366699219,0.034995555
2244,3,631606692,False,0.523959934711456,9380,6590,6970,0.000198778517483294,2.51761551954038e-05,0.00643310958906806,255.523908997927,2.49433471191406e-05,100141599,398,76353361920.0,808777824.0,5202956.375,20361.916015625,0.9907528344
2245,1,631603403,False,0.185602143406868,8200,3020,5420,0.000611998713914259,0.000480868911836296,0.17840002477169,370.995147705078,7.67955036132812e-05,100141599,634,17841899520.0,130368600.0,23257762.0,62690.20703125,0.159701535
2246,3,631606030,False,0.465655654668808,6030,4260,6070,0.0100511217722438,0.00497489625552289,1.92285153230046,386.510880536615,0.00126124604648437,100141599,15,24332413952.0,206956800.0,397947200.0,1029588.609375,0.25352208
2247,2,631595954,False,0.0,0,0,0,0.0,0.0,0.0,0.0,0.0,100141599,117,527897664.0,139982400.0,0.0,0.0,0.17147844
2248,2,631596384,False,0.000335088931024075,10600,4290,6460,2.94410572831803e-09,4.30539550677622e-08,1.26652848848607e-05,294.172393798828,3.69435551017523e-10,100141599,280,716872768.0,7004700.0,88.7165222167969,0.301580041646957,0.0085807575
2249,1,631601994,False,0.192940503358841,10580,3270,4490,0.000333338193084322,2.76551272690995e-05,0.0057149725034833,206.651458740234,4.18283140625e-05,100141599,984,175583690752.0,1234691968.0,7056230.5,34145.5625,1.5124976608
2250,3,631606105,False,0.925435125827789,8240,4500,7970,0.0156573774720647,0.0996462697880166,148.101843485176,1486.27584153669,0.0019647364625,100141599,66,4365508032.0,16095600.0,2383788032.0,1603866.5,0.01971711
2251,1,631605015,False,0.515405654907227,9870,2440,2410,0.0210441857365701,0.0446554347872734,20.0385494232178,448.737060546875,0.00264068993125,100141599,377,7751666688.0,48273300.0,967326912.0,2155665.25,0.0591347925
2252,1,631605796,False,0.0309513658285141,5420,6610,5650,7.74543990315933e-06,1.19413989523309e-05,0.00182429968845099,152.771026611328,9.71921908569336e-07,100141599,133,3027309824.0,66441600.0,121209.390625,793.405639648438,0.08139096
2253,3,631606300,True,1.0,8120,970,7120,0.117361529003608,1.0,7414.61201031347,7414.61201031347,0.014726889975,100141599,257,89138102272.0,12021951.0,89138102272.0,12021951.0,0.014726889975
2254,3,631608913,False,0.700971245765686,5190,2130,6340,0.181499148496192,0.0568467859012367,35.9734527024383,632.814188737725,0.0227750781125,100141599,810,58829709312.0,327052800.0,11765218432.0,18591900.5,0.40063968
2255,1,631601001,False,0.301711142063141,8330,2350,5090,0.00194790193643367,7.84455424982139e-05,0.0336664834750504,429.170127490889,0.000244428798291016,100141599,294,445336885248.0,2543595296.0,85633909.0,199533.712890625,3.1159042376
2256,3,631608794,False,0.204514399170876,7340,5230,7350,9.35985072017116e-05,9.480874904576e-05,0.0435966541280521,459.837879592841,1.174503203125e-05,100141599,760,9541678080.0,101127600.0,4408825.0,9587.78125,0.12388131
2257,1,631602544,False,0.252390623092651,10350,4500,5690,9.44900197961169e-05,0.000140681775519624,0.0398374050855637,283.173889160156,1.18569018066406e-05,100141599,872,7493797888.0,68801400.0,2740869.25,9679.103515625,0.084281715
2258,2,631601152,False,1.0,7670,1320,7850,0.220150644555647,0.0466969944536686,35.7786140441895,766.186645507812,0.02762518815,100141599,484682512,60227960832.0,482925600.0,17278408704.0,22551174.0,0.59158386
2259,2,631597549,False,0.936833500862122,8110,1110,6250,0.431611970873857,0.0585253648459911,43.3559074401855,740.805419921875,0.0541600136,100141599,687,178356191232.0,755437504.0,32752678912.0,44212256.0,0.9254109424
2260,3,631606359,True,1.0,7920,410,7340,0.0111337454410945,0.952786126177681,6317.83026685408,6630.90077958995,0.001397097034375,100141599,281,7583704576.0,1197002.5,7562458624.0,1140487.375,0.0014663280625
2261,1,631601979,False,0.380294650793076,10340,4390,5150,0.00322972389067663,0.000126872156200368,0.0536516650847186,422.879745182127,0.000405275807084632,100141599,987,261987382848.0,2607643816.0,139904432.67627,330837.393538475,3.1943636746
2262,1,631604746,False,0.243452116847038,7630,4890,5360,0.000684194113016442,4.04821714082698e-05,0.0143903379592117,355.473470384841,8.58548070179462e-05,100141599,467,170383587520.0,1731269700.0,24913556.081543,70085.5567493439,2.1208053825
2263,2,631596075,False,1.0,6990,3180,7330,2.13950029564306,0.479124635457993,1340.27453613281,2797.34008789062,0.2684711568,100141599,155,685297238016.0,457417792.0,613065424896.0,219160128.0,0.5603367952
2264,3,631606526,False,1.0,9540,1660,6940,0.866560092021779,0.0143840092920468,27.6052691066538,1919.16374260946,0.10873865772095,100141599,339,1203007357152.0,6171175880.0,170356970871.891,88766251.2007751,7.559690453
2265,2,631595866,False,0.562698900699615,3120,2860,6470,0.0744355352583783,0.0364281423389912,16.1785564422607,444.122436523438,0.0093404026625,100141599,84,27361771520.0,209311200.0,3386352896.0,7624818.5,0.25640622
2266,3,631607075,False,0.00448933755978942,1690,3300,4210,8.00650222948848e-08,5.77751015609638e-08,9.64844351257034e-06,167.000026860868,1.0046808218956e-08,100141599,538,7093999872.0,141955200.0,1369.64672851562,8.20147609710693,0.17389512
2267,1,631603239,False,0.0,0,0,0,0.0,0.0,0.0,0.0,0.0,100141599,681,1954699008.0,29610900.0,0.0,0.0,0.0362733525
2268,2,631598957,False,1.0,7970,1080,6980,2.05206214920135,0.198176549885086,230.650802253839,1163.86526250247,0.2574991460125,100141599,894,415472439007.25,1060687476.0,244648417280.0,210203384.5,1.2993421581
2269,3,631608708,False,0.782754421234131,3420,3980,7460,0.235754901532823,0.00983565548792733,4.58532566062792,466.194212094571,0.0295832588874512,100141599,723,357557209984.0,2455311608.0,11258403321.0,24149599.0917969,3.0077567198
2270,2,631605578,False,0.806257367134094,7740,1310,8110,0.179787192936487,0.270264655351639,295.806243896484,1094.505859375,0.0225602566,100141599,312782620,36029648896.0,68142600.0,20157005824.0,18416536.0,0.083474685
2271,2,631599305,False,0.848117291927338,5160,1160,5930,0.367376118541562,0.021982679143548,14.7027778625488,668.834655761719,0.0460994989,100141599,962,228209786880.0,1711904384.0,25169750016.0,37632244.0,2.0970828704
2272,1,631602167,False,0.0,0,0,0,0.0,0.0,0.0,0.0,0.0,100141599,950,94223880.0,426937504.0,0.0,0.0,0.5229984424
2273,2,631599002,False,0.0241507291793823,9070,6590,7620,2.04829109613471e-05,1.9610590524502e-06,0.000380125803354632,193.836999900484,2.570259425354e-06,100141599,901,3400736220.0,1069917276.0,406703.1640625,2098.17095947266,1.3106486631
2274,2,631598876,False,0.274570941925049,9190,4140,7780,0.000681934966378007,0.00346777378581464,1.29130625724792,372.373291015625,8.5571322265625e-05,100141599,874,2089781376.0,20143800.0,26011816.0,69854.140625,0.024676155
2275,1,631603439,False,0.255533695220947,5980,1770,3290,0.00111070010928767,0.000319113314617425,0.103685528039932,324.917602539062,0.00013937410703125,100141599,625,39032934400.0,356534112.0,36967428.0,113774.78125,0.4367542872
2276,1,631605808,False,0.372922539710999,9170,3260,4830,0.000721869056288053,3.19489772664383e-05,0.0115762827917933,362.336578369141,9.0582376171875e-05,100141599,128,284256567296.0,2314465280.0,26792904.0,73944.796875,2.835219968
2277,1,631602466,False,0.308836102485657,7430,2650,2060,0.00229960591435815,0.00251623732037842,0.769981324672699,306.005065917969,0.000288561708203125,100141599,893,7142303744.0,93616200.0,72082728.0,235560.578125,0.114679845
2278,2,631596872,True,0.834749817848206,8230,1140,7200,0.000731896356444131,1.0,6624.72607421875,6624.72607421875,9.18406330078125e-05,100141599,469,496668608.0,74971.9453125,496668608.0,74971.9453125,9.18406330078125e-05
2279,2,631597512,False,1.0,6470,3200,8530,5.39468838820042,0.0471972040832043,71.147102355957,1507.44311523438,0.6769422912,100141599,672,2421589278720.0,11708446720.0,833022066688.0,552605952.0,14.342847232
2280,3,631610167,False,0.27095565199852,9160,4290,9200,0.00158087346391184,0.000135483401779363,0.0526151011903398,388.350901286228,0.000198372923095703,100141599,484682470,167512424448.0,1195254016.0,62888411.0,161937.080078125,1.4641861696
2281,3,631607100,False,0.350000858306885,10080,3980,9850,0.00440408722203869,0.000399271881072159,0.131713574543007,329.884424090468,0.000552638573388672,100141599,543,129217925120.0,1129890560.0,148821924.5,451133.529296875,1.384115936
2282,2,631597806,False,0.122359499335289,5300,2260,9590,0.000291549290982066,0.000103546168247703,0.0384989455342293,371.804626464844,3.65845125488281e-05,100141599,838,53943144448.0,288421184.0,11103911.0,29864.908203125,0.3533159504
2283,1,631605240,False,0.00474186474457383,8830,3270,3420,7.90450158502966e-08,9.94699291823053e-08,1.51990052472684e-05,152.800003051758,9.91881463527679e-09,100141599,325,11695846400.0,81401400.0,1237.22033691406,8.09699153900146,0.099716715
2284,2,631597688,False,0.383596509695053,6990,3010,10490,0.002130609736756,0.00125168717931956,0.356648176908493,284.933959960938,0.000267355541796875,100141599,755,19942084608.0,174364192.0,62186672.0,218249.421875,0.2135961352
2285,2,631597811,False,0.289982467889786,3010,5070,6690,0.00201230004562163,7.74797297246059e-05,0.0132066642330111,170.453153101501,0.000252509673486328,100141599,840,96540496128.0,2660442240.0,35135567.375,206130.345703125,3.259041744
2286,1,631602663,False,0.371091514825821,5020,6830,2910,0.00123486325654161,4.76637164214667e-05,0.00813393224181067,170.652497381579,0.000154954485235953,100141599,840,83121661952.0,2653873152.0,21586424.3967285,126493.457335472,3.2509946112
2287,2,631596547,False,1.0,9540,1660,6940,0.865827292506718,0.0287436911424519,55.1999869264799,1920.42095960857,0.108646703756787,100141599,339,709179532192.0,3085587940.0,170324413948.504,88691186.7402344,3.7798452265
2288,2,631596901,False,0.0697587952017784,7550,2940,5890,1.40225352826077e-05,9.97413462755503e-06,0.00226083770394325,226.670059204102,1.75959137573242e-06,100141599,483,12799495168.0,144012608.0,325589.125,1436.40112304688,0.1764154448
2289,2,631597634,False,1.0,8140,870,7800,0.432668834200777,0.0962155014276505,90.1613464355469,937.077209472656,0.0542926321,100141599,721,125792428032.0,460638016.0,41531744256.0,44320516.0,0.5642815696
2290,3,631608945,False,0.862860858440399,9860,4220,9470,0.925718016362113,0.00569384762309948,2.59829141368653,456.33314863318,0.116161978210262,100141599,822,1959135301632.0,16654134592.0,43272294912.7734,94826104.661438,20.4013148752
2291,1,631602142,False,0.0118945306167006,12450,7010,4260,4.92613017348418e-06,2.18647960537055e-06,0.000479403883218765,219.258331298828,6.18146147918701e-07,100141599,955,13365281792.0,230786096.0,110639.75,504.609100341797,0.2827129676
2292,1,631601489,False,0.24552147090435,6420,830,4340,0.000105858421297371,0.000157758317072876,0.112569637596607,713.557556152344,1.32834442138672e-05,100141599,1086,10198045696.0,68735696.0,7737552.5,10843.6279296875,0.0842012276
2293,3,631610229,False,0.579428672790527,9030,3580,8040,0.00860711778815438,0.000589706221193319,0.149619116294155,253.718056410171,0.00108004793175554,100141599,933,71858647584.0,1495103408.0,223696050.67334,881671.781024933,1.8315016748
2294,2,631596053,False,0.572399318218231,9070,5550,6380,0.0211293298130671,0.00203539524227381,1.05925691127777,520.418273925781,0.002651374075,100141599,146,119331487744.0,1063374272.0,1126386560.0,2164387.0,1.3026334832
2295,3,631606575,False,0.0,0,0,0,0.0,0.0,0.0,0.0,0.0,100141599,356,1072258048.0,11210400.0,0.0,0.0,0.01373274
2296,1,631602256,False,0.1158057898283,10140,4230,3610,0.000582871494790033,1.97272751934821e-05,0.00361659354027814,183.329603546721,7.31405294921875e-05,100141599,928,469800583168.0,3026599168.0,10945979.0,59706.5546875,3.7075839808
2297,3,631606263,False,0.659679293632507,9090,2420,9850,0.0438471706742667,0.0159535205956753,7.28869950759297,456.870912215376,0.0055020794609375,100141599,234,36644796416.0,281536192.0,2052032704.0,4491493.4375,0.3448818352
2298,3,631608721,False,0.862860858440399,9860,4220,9470,0.068203389477944,0.00851613714068439,3.63184781331655,426.466572029003,0.0085583736109375,100141599,727,104422662144.0,820375168.0,2979477760.0,6986427.4375,1.0049595808
2299,3,631606092,False,0.420583426952362,4470,5280,6580,0.00601472061384341,0.00015553734076889,0.0732277723647598,470.805094151428,0.000754745864871216,100141599,56,592218488832.0,3961229312.0,290071998.34375,616119.073364258,4.8525059072
2300,3,631608754,False,0.626182854175568,9610,3520,9170,0.16887403452317,0.0308721884975532,13.8275513033896,447.896698495654,0.0211908395125,100141599,743,76101922816.0,560331008.0,7748005760.0,17298644.5,0.6864054848
2301,1,631604927,False,0.0950500667095184,7400,4960,5330,2.24703521448719e-05,2.49522461886046e-05,0.00872479440932112,349.659679668663,2.81964973144531e-06,100141599,406,10575978496.0,92246400.0,804830.875,2301.7548828125,0.11300184
2302,3,631608461,False,0.0727459490299225,7130,2580,7000,6.43882801839144e-05,4.56733595054943e-06,0.000758468843174505,166.063729794885,8.07964182128906e-06,100141599,632,87726710784.0,1444086016.0,1095294.25,6595.6259765625,1.7690053696
2303,3,631608648,False,0.591865837574005,8050,1950,10100,0.0591001259858078,0.0596921773687822,32.6432992569454,546.860588704496,0.007416067771875,100141599,696,15296914432.0,101419200.0,3310657296.0,6053932.875,0.12423852
2304,2,631598995,False,0.289982467889786,3010,5070,6690,0.000764376800837892,0.000228907345444895,0.049798171967268,217.547286987305,9.59163802734375e-05,100141599,900,9362107392.0,342055808.0,17033754.0,78299.0859375,0.4190183648
2305,3,631608339,False,0.30227318406105,7560,3970,6210,0.000507699905782968,0.000344732895185086,0.117379960970121,340.495388196419,6.37077645141601e-05,100141599,595,9910971392.0,150859808.0,17707918.375,52006.3383789062,0.1848032648
2306,3,631609190,False,0.361760556697845,4830,5120,5880,0.00458753584898255,0.0004520292786267,0.133878341324894,296.171835885557,0.000575658278125,100141599,904,117824608256.0,1039590016.0,139178587.0,469925.125,1.2734977696
2307,2,631596059,False,0.0,0,0,0,0.0,0.0,0.0,0.0,0.0,100141599,148,8923870208.0,65983500.0,0.0,0.0,0.0808297875
2308,1,631600842,False,0.0960897728800774,2310,3610,4660,0.000112011242605215,3.91047384669705e-05,0.0133457787236696,341.282904498697,1.40555193836927e-05,100141599,151,18770635520.0,293414400.0,3915843.65673828,11473.8933744431,0.35943264
2309,2,631596876,False,1.0,8070,1200,7280,0.0979494995929533,0.801189303398132,2413.70849609375,3012.6572265625,0.0122910081,100141599,469,31410217024.0,12523228.0,30227423232.0,10033476.0,0.0153409543
2310,3,631606441,False,0.340245217084885,5870,4920,9340,0.00343132159738993,0.000896277887987285,0.2912232792534,324.925208081817,0.00043057291484375,100141599,314,34587307008.0,392164192.0,114207342.0,351488.09375,0.4804011352
2311,3,631610158,False,0.564701676368713,9380,1700,7430,0.0806038473871143,0.0280867235522661,13.5119014353653,481.077880451997,0.01011442166875,100141599,484682508,43626131456.0,293970592.0,3972101664.0,8256670.75,0.3601139752
2312,1,631602083,False,0.0213213730603456,5290,6040,2800,4.2751189365077e-06,1.00045178896835e-06,0.000190960359759629,190.874130249023,5.3645523147583e-07,100141599,966,39706771456.0,437724896.0,83588.1015625,437.922637939453,0.5362129976
2313,3,631608335,False,1.0,8530,400,7660,1.10743850078457,0.0997642925689442,101.548857476317,1017.88781197581,0.13896483024375,100141599,593,250468687872.0,1137086976.0,115469883264.0,113440677.75,1.3929315456
2314,3,631608952,False,0.361760556697845,4830,5120,5880,0.00482863023093369,0.000363731185968238,0.107789717663047,296.344448376387,0.000605911551635742,100141599,826,144298022912.0,1359855008.0,146578387.375,494621.674804688,1.6658223848
2315,1,631605719,False,0.0,0,0,0,0.0,0.0,0.0,0.0,0.0,100141599,163,22324957184.0,361639808.0,0.0,0.0,0.4430087648
2316,3,631606249,False,0.933611333370209,7340,1530,8110,0.0299211500528211,0.119416930145483,96.9645881353687,811.9835940954,0.0037545990453125,100141599,312782624,5855952512.0,25666200.0,2488712512.0,3064978.8125,0.031441095
2317,3,631608845,False,0.0,0,0,0,0.0,0.0,0.0,0.0,0.0,100141599,780,84494532608.0,869992192.0,0.0,0.0,1.0657404352
2318,2,631595702,False,1.0,8270,1210,7720,1.94137510845539,0.412678480148315,758.359436035156,1837.65209960938,0.2436097916,100141599,33,451438149632.0,481888800.0,365444923392.0,198865136.0,0.59031378
2319,1,631602556,False,0.026113998144865,9950,4950,3650,2.37958945746572e-06,4.82920825106703e-07,9.67451123869978e-05,200.333282470703,2.98598292160034e-07,100141599,867,58700569600.0,504748800.0,48831.98046875,243.753707885742,0.61831728
2320,1,631601436,False,0.0,0,0,0,0.0,0.0,0.0,0.0,0.0,100141599,1094,18666811392.0,122770800.0,0.0,0.0,0.15039423
2321,2,631599123,False,0.456408739089966,8450,4340,10050,0.00764709989775024,0.00220404627855095,0.747482728251571,339.141122183244,0.000959581898583984,100141599,922,31644558080.0,355406404.0,265660148.5,783332.162109375,0.4353728449
2322,1,631603357,False,0.490954279899597,8370,1830,2510,0.00787984547027298,0.0806165784597397,29.9657878875732,371.70751953125,0.0009887875375,100141599,649,1520611328.0,10012500.0,300032448.0,807173.5,0.0122653125
2323,3,631608581,False,0.2581447660923,4550,5100,8590,0.00175395445491734,0.00118878107139728,0.341109625605372,286.940660322288,0.000220091664602756,100141599,675,9804719616.0,151135200.0,51553671.487793,179666.664981842,0.18514062
2324,3,631608393,False,0.989448368549347,7660,680,6570,0.917125738391472,0.08655494202303,85.7616404137121,990.834704630651,0.115083792425,100141599,610,279352918016.0,1085390976.0,93084910592.0,93945953.0,1.3296039456
2325,3,631606039,False,0.371091514825821,5020,6830,2910,0.00214531909692519,0.000229928540405522,0.0360324164856982,156.711369637489,0.000269201318097281,100141599,21,27396750592.0,955758592.0,34438291.6467285,219756.178038597,1.1708042752
2326,3,631606829,False,0.559564590454102,7460,2050,5880,0.0599416202181507,0.00715287409746175,2.4156534002628,337.717869397423,0.0075216610875,100141599,443,68963860480.0,858414592.0,2073632128.0,6140131.5,1.0515578752
2327,1,631605873,False,0.392516255378723,8660,1990,1350,0.00528099136145507,0.00228800578042865,0.741841614246368,324.230651855469,0.000662675234375,100141599,97,17395175424.0,236432704.0,175395616.0,540959.375,0.2896300624
2328,1,631605818,False,0.131987139582634,6510,6720,4190,0.000160880547233007,5.25173854839522e-05,0.00809601694345474,154.158798217773,2.01877918457031e-05,100141599,125,5525647360.0,313797600.0,2540510.75,16479.830078125,0.38440206
2329,1,631603527,False,0.300122708082199,8060,1850,1480,0.00142815875028303,0.000993099645711482,0.374534428119659,377.136779785156,0.00017920980546875,100141599,600,20260620288.0,147310208.0,55172744.0,146293.71875,0.1804550048
2330,2,631596298,False,0.524487257003784,8220,2190,9440,0.0323334404744879,0.0927162021398544,46.6138496398926,502.758422851562,0.00405730075625,100141599,249,6325908480.0,35722800.0,1665177216.0,3312082.25,0.04376043
2331,1,631605827,False,0.416679412126541,8920,2210,2270,0.0104466915370334,0.0621867068111897,24.6071605682373,395.698089599609,0.001310883371875,100141599,121,2569360384.0,17208000.0,423440032.0,1070108.875,0.0210798
2332,2,631597425,False,0.650314331054688,6140,1140,6620,0.03537025319125,0.00246008182875812,1.54889512062073,629.611206054688,0.00443836946875,100141599,648,237569015808.0,1472779776.0,2281181440.0,3623158.75,1.8041552256
2333,1,631603066,False,0.451702028512955,9840,3460,1800,0.00992489394603413,0.00247852085158229,0.899950265884399,363.099731445312,0.0012454065859375,100141599,727,51858272256.0,410187584.0,369148416.0,1016658.4375,0.5024797904
2334,1,631604856,False,0.619462430477142,7780,920,4300,0.0624290514404942,0.0624756440520287,29.8193378448486,477.29541015625,0.0078337917,100141599,433,17908277248.0,102358800.0,3052271616.0,6394932.0,0.12538953
2335,3,631610352,False,0.392036586999893,7820,3570,6250,0.00274162120300438,0.00501934721686041,2.39397446346102,476.949364136327,0.0003440271625,100141599,549009203,8150151936.0,55951200.0,133945744.0,280838.5,0.06854022
2336,1,631600736,False,0.0175243597477674,8420,5630,5450,1.97794182887307e-06,1.41019272632548e-05,0.00285548390820622,202.488906860352,2.4819829750061e-07,100141599,607344850,1929808896.0,14367600.0,41026.44921875,202.610855102539,0.01760031
2337,3,631609155,False,1.0,7160,2020,8520,1.29604849330369,0.0622723877693801,123.869311038579,1989.15306567845,0.162632199198437,100141599,896,443281479680.0,2131939752.0,264081908256.0,132760978.9375,2.6116261962
2338,1,631601565,False,0.383785784244537,10550,5380,1410,0.0111476802708679,8.19701538101915e-05,0.0251024705698277,306.23915416768,0.00139884562019043,100141599,1073,2006910238720.0,13930860672.0,349699020.03125,1141914.79199219,17.0653043232
2339,1,631601897,False,0.0989265292882919,8640,3800,3110,8.58043705350995e-05,1.37339221952806e-05,0.00236215471352279,171.994181992272,1.07669995012224e-05,100141599,1008,87632381952.0,639976492.0,1511723.48712158,8789.38734793663,0.7839712027
2340,2,631595936,False,0.340245217084885,5870,4920,9340,0.0029606505159718,0.000276816241058618,0.0911062595666022,329.121800145063,0.000371511642471898,100141599,111,119236976512.0,1095581708.0,99814351.4654694,303274.810181141,1.3420875923
2341,2,631595842,False,0.511220097541809,8620,3080,7660,0.000809977659554911,0.0161000937223434,5.78507852554321,359.319580078125,0.00010163851796875,100141599,75,410217280.0,5153400.0,29812824.0,82970.21875,0.006312915
2342,2,631597284,False,0.999988615512848,8510,1910,9280,0.225280404935012,0.163045600056648,159.843475341797,980.360534667969,0.02826888645,100141599,613,49459400704.0,141534896.0,22623428608.0,23076642.0,0.1733802476
2343,1,631605324,False,0.46039867401123,9160,1780,5620,0.000661786671156234,6.98577343632124e-05,0.0323998068335031,463.796988677678,8.30430514648437e-05,100141599,302,95019841536.0,970404304.0,31440912.0,67790.24609375,1.1887452724
2344,3,631606681,False,0.143652394413948,12590,6750,6380,0.000116163546928408,6.49286029419589e-06,0.00151360460614605,233.118308043544,1.45765634552002e-05,100141599,395,189330096128.0,1832664640.0,2773929.640625,11899.2354736328,2.245014184
2345,3,631606993,False,0.529583692550659,6770,1540,7530,0.0194965030937813,0.044537395590813,23.1744025190894,520.335825920404,0.00244648189570312,100141599,510,4927674880.0,44841600.0,1039177288.0,1997128.078125,0.05493096
2346,2,631596852,False,0.00842793192714453,10460,4070,6590,2.66894163832946e-07,6.40595999357174e-06,0.000722958357073367,112.857147216797,3.34907104492187e-08,100141599,460,336149088.0,4267800.0,3085.44165039062,27.33935546875,0.005228055
2347,2,631599665,False,0.621243238449097,5890,2110,7530,0.0126300902900452,0.0392528399825096,18.8775596618652,480.922119140625,0.00158486304375,100141599,1026,3688437504.0,32959800.0,622200576.0,1293765.75,0.040375755
2348,1,631605633,False,0.127688318490982,10880,6330,5690,2.44954320503234e-05,4.76857276225928e-05,0.0100372573360801,210.487655639648,3.07376306152344e-06,100141599,206,4311870976.0,52619400.0,528154.4375,2509.1943359375,0.064458765
2349,3,631606206,False,0.316620171070099,10330,3980,6080,0.0014493266688232,0.000810699261249211,0.373470483005367,460.676974627908,0.000181866021777344,100141599,162,20165532672.0,183128400.0,68393052.0,148462.05859375,0.22433229
2350,1,631605915,False,0.0,0,0,0,0.0,0.0,0.0,0.0,0.0,100141599,63,6359233024.0,58788900.0,0.0,0.0,0.0720164025
2351,2,631599875,False,1.0,8240,2470,6870,0.164847971960018,0.259096622467041,532.704467773438,2056.00708007812,0.02068563665,100141599,1061,49988640768.0,65173500.0,34718216192.0,16886234.0,0.0798375375
2352,3,631609732,False,0.728889882564545,6700,4180,8530,0.0173792106088332,0.0012640768360301,1.35993416143622,1075.83188195044,0.00218079744411621,100141599,1022,145742069760.0,1408334336.0,1915241974.25,1780242.81152344,1.7252095616
2353,1,631603243,False,0.131669163703918,3470,3650,4700,6.10674353336409e-05,0.00144351087510586,0.555847108364105,385.066101074219,7.66293187255859e-06,100141599,680,279206784.0,4333500.0,2408763.5,6255.45458984375,0.0053085375
2354,1,631605461,False,0.0592580027878284,4180,4900,5580,1.62295232640034e-05,1.96310111277853e-06,0.000363296159775928,185.062377929688,2.03653109741211e-06,100141599,258,78696226816.0,846861312.0,307661.46875,1662.47436523438,1.0374051072
2355,2,631596551,False,0.205655008554459,6970,5020,8310,0.000226834308431686,1.70575603988254e-05,0.00535432435572147,313.897430419922,2.84638750976562e-05,100141599,342,157399662592.0,1362200448.0,7293663.0,23235.81640625,1.6686955488
2356,3,631608934,False,0.520913302898407,5300,2170,6470,0.0215629533630849,0.0395447798169572,18.6555687323429,471.758063104532,0.0027057865078125,100141599,819,6926919680.0,55855800.0,1042021716.0,2208805.3125,0.068423355
2357,3,631608367,False,0.643042922019958,6250,3040,7060,0.0155932614772199,0.00117243381354242,0.719781903301501,613.921139929197,0.00195669098789062,100141599,603,24832794624.0,1362378624.0,980615479.0,1597298.765625,1.6689138144
2358,2,631600864,False,0.886421978473663,7920,2980,7250,0.0649786243911539,0.0719807744026184,117.060165405273,1626.26989746094,0.00815372005,100141599,1029,23474102272.0,92470496.0,10824611840.0,6656098.0,0.1132763576
2359,2,631596219,False,0.0,0,0,0,0.0,0.0,0.0,0.0,0.0,100141599,223,4082844160.0,128221200.0,0.0,0.0,0.15707097
2360,2,631600081,False,0.999510824680328,7090,2840,6820,0.938636382462339,0.0050107860006392,2.57997798919678,514.884826660156,0.117783015,100141599,1089,2331398073856.0,19188486144.0,49505869824.0,96149400.0,23.5058955264
2361,1,631604548,False,0.000149901592521928,3110,3780,5600,2.23021162819542e-09,3.6016307713993e-09,8.42126723910042e-07,233.818176269531,2.79853897169232e-10,100141599,556,5794527232.0,63430200.0,53.4162673950195,0.228452160954475,0.077701995
2362,3,631606886,False,0.780593931674957,8100,5170,7990,0.0134755642870817,0.000244873436188675,0.330728880466668,1350.611506149,0.00169095575263672,100141599,463,698878853120.0,5637083648.0,1864346364.0,1380372.04296875,6.9054274688
2363,3,631606485,False,0.00707747414708138,4570,4990,9660,8.52105861308044e-07,1.04789604295578e-07,1.11955068317815e-05,106.837953125604,1.06924895858765e-07,100141599,328,41393944064.0,832960768.0,9325.41796875,87.2856292724609,1.0203769408
2364,2,631596799,True,0.0607179552316666,8000,1150,7210,2.23101574328418e-06,1.0,7186.509765625,7186.509765625,2.79954800033569e-07,100141599,441,1642365.625,228.534530639648,1642365.625,228.534530639648,2.79954800033569e-07
2365,3,631606112,False,0.0,0,0,0,0.0,0.0,0.0,0.0,0.0,100141599,72,11098180096.0,89577000.0,0.0,0.0,0.109731825
2366,2,631595969,False,0.0352964401245117,4590,4970,9720,1.05728086892295e-05,5.70263409827021e-06,0.00102706265170127,180.103210449219,1.32670894470215e-06,100141599,120,19055462400.0,189917104.0,195056.765625,1083.02770996094,0.2326484524
2367,2,631597196,False,0.0325671546161175,8890,4460,5730,6.66861578523827e-06,1.82504827535013e-05,0.00275466800667346,150.936721801758,8.36798666381836e-07,100141599,591,3575895808.0,37429200.0,103105.015625,683.100952148438,0.04585077
2368,3,631607085,False,0.800672829151154,9060,3050,9740,0.443802299586757,0.0162822702152028,6.77149722675689,415.881639185323,0.0556896939921875,100141599,541,318259534336.0,2792053816.0,18906384672.0,45460974.6875,3.4202659246
2369,3,631606166,False,0.0,0,0,0,0.0,0.0,0.0,0.0,0.0,100141599,115,851975616.0,6532200.0,0.0,0.0,0.008001945
2370,3,631610097,False,0.186280533671379,10720,4530,5790,3.50997975566784e-05,8.3179593722758e-05,0.0409694198566461,492.541716339699,4.40443185386658e-06,100141599,599626927,6220906752.0,43225200.0,1770911.3671875,3595.45457458496,0.05295087
2371,2,631597454,False,0.83241194486618,5180,930,6020,0.29671903563551,0.0291081350296736,16.8911991119385,580.291381835938,0.0372332282,100141599,656,82658918400.0,1044191680.0,17637650432.0,30394472.0,1.279134808
2372,3,631610120,False,0.899415194988251,7970,3870,8130,0.0233757354755548,0.118246814814815,191.17996562963,1616.78744521816,0.00293326005,100141599,563807439,7420075392.0,20250000.0,3871394304.0,2394498.0,0.02480625
2373,1,631603109,False,0.635676741600037,2740,3900,4620,0.109890449289004,0.0042367192895424,1.76626980560265,416.895641389879,0.0137893956369019,100141599,714,342714821808.0,2656925968.0,4692848113.0,11256649.4995117,3.2547343108
2374,1,631602666,False,0.061599675565958,13160,5680,5510,1.32038667147094e-05,1.72545896930387e-05,0.00589201180264354,341.475036621094,1.65686229553223e-06,100141599,839,10125688832.0,78387296.0,461858.875,1352.54064941406,0.0960244376
2375,3,631608343,False,0.229681357741356,4090,6230,5670,0.00158846849073761,0.000244339381059596,0.0678294415563847,277.603394353531,0.000199325970703125,100141599,596,69540757504.0,665938816.0,45170258.0,162715.078125,0.8157750496
2376,3,631608558,True,1.0,7900,580,7380,0.999996488197459,0.999363691810834,7358.31158044362,7362.99671555052,0.125482672065542,100141599,669,754255279421.625,102500055.964218,754227348797.625,102434834.339218,0.125562568556167
2377,3,631606536,False,1.0,8150,2400,6620,13.4540401165688,0.0127723257354507,25.2927755321081,1980.27955565726,1.68825483272166,100141599,343,15391222879456.0,107902604344.0,2729156351002.66,1378167210.38503,132.1806903214
2378,3,631607071,False,0.0,0,0,0,0.0,0.0,0.0,0.0,0.0,100141599,536,143251326976.0,1185299968.0,0.0,0.0,1.4519924608
2379,1,631605949,False,0.0,0,0,0,0.0,0.0,0.0,0.0,0.0,100141599,38,5501833216.0,84937504.0,0.0,0.0,0.1040484424
2380,3,631606199,False,0.321826785802841,11190,5130,5480,0.000349804763611641,0.000145289516903421,0.051073935655498,351.532145911453,4.38945905883789e-05,100141599,154,36704843776.0,246627008.0,12596211.9375,35832.3188476562,0.3021180848
2381,1,631606001,False,0.187203541398048,6490,3320,3070,0.000902746678895831,9.79818796622567e-05,0.0209758300334215,214.078674316406,0.00011327946328125,100141599,6,31234576384.0,943776896.0,19796504.0,92473.03125,1.1561266976
2382,1,631602747,False,0.203056052327156,3870,4120,5060,0.000405198146569837,0.000182748408406042,0.0477800704538822,261.452728271484,5.08455247070312e-05,100141599,814,26237026304.0,227124000.0,10852001.0,41506.55078125,0.2782269
2383,2,631596823,False,0.617899894714355,2620,3820,6900,0.0602015748191196,0.0365030765533447,18.5951843261719,509.414154052734,0.007554281,100141599,448,26441926656.0,168938096.0,3141434880.0,6166760.0,0.2069491676
2384,1,631600907,False,0.0,0,0,0,0.0,0.0,0.0,0.0,0.0,100141599,549009219,1014893440.0,6260400.0,0.0,0.0,0.00766899
2385,1,631600924,False,0.0,0,0,0,0.0,0.0,0.0,0.0,0.0,100141599,549009215,21163149312.0,144636304.0,0.0,0.0,0.1771794724
2386,2,631599182,False,0.243100523948669,12460,2480,5830,0.000429762076577587,2.9336059014895e-05,0.0103812841698527,353.874542236328,5.39278831054687e-05,100141599,936,259328376832.0,1500636544.0,15578535.0,44022.76171875,1.8382797664
2387,2,631596905,False,0.511366367340088,2190,3380,5990,0.0126729942454664,0.00685483263805509,2.50376439094543,365.25537109375,0.001590246765625,100141599,484,37529595904.0,189378896.0,474160128.0,1298160.625,0.2319891476
2388,1,631600995,False,0.0,0,0,0,0.0,0.0,0.0,0.0,0.0,100141599,298,20837421056.0,163924192.0,0.0,0.0,0.2008071352
2389,3,631606233,False,0.600646674633026,9820,2620,9380,0.150219897706987,0.0443898777070439,20.5636120688461,463.250027507579,0.018850060359375,100141599,312782644,56318257152.0,346651200.0,7128400800.0,15387804.375,0.42464772
2390,2,631599609,False,0.852905750274658,7850,3670,10060,0.0518720753128968,0.00649416609511828,2.28156985871966,351.326071015451,0.00650906947441406,100141599,1018,101963077120.0,818199908.0,1866780248.5,5313526.1015625,1.0022948873
2391,2,631596795,False,0.599112033843994,3800,4670,7500,0.020535098010689,0.00972068216651678,3.28477811813354,337.916412353516,0.00257680801875,100141599,440,23162003456.0,216396000.0,710812864.0,2103516.75,0.2650851
2392,2,631597770,False,0.0,0,0,0,0.0,0.0,0.0,0.0,0.0,100141599,812,620933760.0,20844000.0,0.0,0.0,0.0255339
2393,1,631605305,False,0.0314954817295074,11890,6700,5110,4.55947304855285e-06,1.94604876924132e-06,0.00026877096388489,138.111129760742,5.72136870574951e-07,100141599,307,17040148480.0,239999392.0,64504.87109375,467.050506591797,0.2939992552
2394,2,631595926,False,0.0,0,0,0,0.0,0.0,0.0,0.0,0.0,100141599,106,612587136.0,3250800.0,0.0,0.0,0.00398223
2395,2,631600410,False,0.128314435482025,7630,2940,5770,2.62657157610407e-05,0.000412968889577314,0.0698541924357414,169.151229858398,3.29590377197266e-06,100141599,599626923,356636864.0,6515100.0,455107.0625,2690.53369140625,0.0079809975
2396,1,631601370,False,0.43861785531044,6020,4650,4980,0.00726887198535548,0.00994662381708622,3.95986652374268,398.111633300781,0.0009121206828125,100141599,1104,10081689600.0,74858400.0,296429280.0,744588.3125,0.09170154
2397,3,631606163,False,0.275602608919144,5940,730,7080,0.00171287168771031,0.000301518949038067,0.0892293761429164,295.932897178052,0.00021493647109375,100141599,113,74921193472.0,581914816.0,51923896.0,175458.34375,0.7128456496
2398,3,631608431,False,0.0,0,0,0,0.0,0.0,0.0,0.0,0.0,100141599,621,46863536128.0,319282208.0,0.0,0.0,0.3911207048
2399,2,631599635,False,0.728889882564545,6700,4180,8530,0.0173514534346587,0.00252411584369838,2.71908640861511,1077.2431640625,0.0021773143875,100141599,1022,71427457024.0,704167168.0,1914691456.0,1777399.5,0.8626047808
2400,3,631606909,False,0.508742690086365,6990,5100,7600,0.00178062656861738,0.00104144586116821,0.723687838300788,694.887622376275,0.000223438564453125,100141599,470,30495442944.0,175140000.0,126746688.0,182398.828125,0.2145465
2401,3,631606595,False,0.658290207386017,6550,4890,6010,0.0844356383409777,0.0313714389138433,15.6621809023063,499.249682021916,0.010595246725,100141599,366,42003546112.0,275702400.0,4318100864.0,8649181.0,0.33773544
2402,2,631599475,False,0.969987273216248,5350,1560,6420,1.58343847390921,0.0275168555314125,20.4309374476274,742.488087866869,0.198694788534375,100141599,993,833715557376.0,5894562596.0,120431439680.0,162199827.375,7.2208391801
2403,1,631605665,False,0.0431487523019314,11000,7370,5440,3.95826285350123e-06,1.60689512540557e-06,0.000216136351809837,134.505569458008,4.96695143890381e-07,100141599,190,703999424.0,252328496.0,54537.359375,405.465423583984,0.3091024076
2404,3,631608652,False,0.553332388401031,7690,4360,7530,0.0151884077938648,0.0025969125322173,1.45825031639109,561.532318974951,0.0019058886875,100141599,697,28394101760.0,599106624.0,873647424.0,1555827.5,0.7339056144
2405,2,631596207,False,0.0,0,0,0,0.0,0.0,0.0,0.0,0.0,100141599,217,23705475072.0,159162304.0,0.0,0.0,0.1949738224
2406,2,631597559,False,0.0,0,0,0,0.0,0.0,0.0,0.0,0.0,100141599,689,1732035584.0,29441700.0,0.0,0.0,0.0360660825
2407,1,631602871,False,0.0,0,0,0,0.0,0.0,0.0,0.0,0.0,100141599,780,42881605632.0,434996096.0,0.0,0.0,0.5328702176
2408,3,631608663,False,0.128765285015106,10960,4580,5220,4.60734552977136e-05,1.63491581173021e-06,0.000557846048859623,341.207813183519,5.78144058532715e-06,100141599,701,419188580352.0,2886719488.0,1610345.06054688,4719.54333496094,3.5362313728
2409,1,631604606,False,0.0,0,0,0,0.0,0.0,0.0,0.0,0.0,100141599,531,2754940416.0,19704600.0,0.0,0.0,0.024138135
2410,3,631609446,False,0.248480528593063,4510,6020,9170,0.00345473510491771,3.39944243377679e-05,0.00982411051890859,288.991818814063,0.000433510914648437,100141599,961,958599102464.0,10410132480.0,102270292.0,353886.4609375,12.752412288
2411,1,631605571,False,0.211897522211075,11000,7190,5690,0.000334039474886453,0.00114148168358952,0.147716239094734,129.407455444336,4.19163130859375e-05,100141599,230,304380000.0,29976300.0,4427986.5,34217.3984375,0.0367209675
2412,3,631606914,False,0.904057860374451,7910,3720,7810,0.128387761883534,0.0208799315036742,30.5830352375355,1464.70955769916,0.0161104959985413,100141599,475,110772439040.0,629859600.0,19263018341.5,13151425.3049316,0.77157801
2413,3,631608453,False,0.782754421234131,3420,3980,7460,0.0514067685450951,0.00484790667081225,2.09186238605409,431.498072899907,0.0064506813328125,100141599,630,170193215488.0,1086213632.0,2272209440.0,5265862.3125,1.3306116992
2414,3,631607203,False,0.193061143159866,6610,1120,7890,0.000626343721087534,0.000136272992936075,0.0670849747071151,492.283711260267,7.8595559765625e-05,100141599,577,65082034176.0,470816992.0,31584746.0,64159.640625,0.5767508152
2415,2,631597321,False,0.0,0,0,0,0.0,0.0,0.0,0.0,0.0,100141599,621,24822163456.0,159641104.0,0.0,0.0,0.1955603524
2416,2,631599389,False,0.00217675813473761,11760,6660,6480,9.12171579258981e-08,2.93405122420154e-08,5.14837756782072e-06,175.469924926758,1.14462129116058e-08,100141599,978,14198636544.0,318462304.0,1639.56420898438,9.34384727478027,0.3901163224
2417,1,631602698,False,0.0169300213456154,10730,2680,4500,2.62675277155339e-06,2.99689560279148e-07,5.32924241269939e-05,177.825424194336,3.2961311416626e-07,100141599,828,156304605184.0,897835520.0,47847.83203125,269.071929931641,1.099848512
2418,2,631597009,True,1.0,8000,830,7380,0.447635667070923,0.999992901378304,7414.35990184934,7414.41253395901,0.0561707168763672,100141599,533,339979681728.0,45853971.9296875,339977850816.0,45853646.4296875,0.0561711156138672
2419,2,631597488,False,0.211383745074272,5400,7180,8290,0.00108666509600616,0.000273561774520203,0.0396939851343632,145.100631713867,0.00013635811875,100141599,665,11015840768.0,406901696.0,16151550.0,111312.75,0.4984545776
2420,1,631603201,False,0.186643287539482,9190,3740,1300,0.000133104963934536,0.000179951675818302,0.0542604774236679,301.528045654297,1.67024251953125e-05,100141599,692,8220878336.0,75768304.0,4111224.25,13634.6328125,0.0928161724
2421,3,631610365,False,0.138033539056778,8210,4480,5780,2.68874719102483e-05,0.000187102483846594,0.0734222877800768,392.417493721119,3.37392366893887e-06,100141599,549009211,2348206464.0,14720400.0,1080805.44503784,2754.22340321541,0.01803249
2422,1,631596333,False,0.528097629547119,8740,2050,1800,0.0033064804710961,0.00508744129911065,2.67335343360901,525.48095703125,0.00041490746171875,100141599,312782590,10164011008.0,66575700.0,177980384.0,338699.96875,0.0815552325
2423,1,631602428,False,0.380294650793076,10340,4390,5150,0.00230476466379764,0.000969008018728346,0.460684806108475,475.418975830078,0.000289209044140625,100141599,898,25501872128.0,243639904.0,112241200.0,236089.015625,0.2984588824
2424,2,631596520,False,0.0,0,0,0,0.0,0.0,0.0,0.0,0.0,100141599,332,304306816.0,2796300.0,0.0,0.0,0.0034254675
2425,2,631599897,False,0.0724195688962936,11380,3580,9170,3.52806046661923e-05,1.57106603637658e-06,0.000284635403659195,181.173416137695,4.42712009277344e-06,100141599,1064,422903611392.0,2300333312.0,654756.3125,3613.9755859375,2.8179083072
2426,2,631596652,False,0.293809771537781,11090,7210,5700,0.000419754791934608,0.000427449553979063,0.068626930089312,160.549775875245,5.2672137878418e-05,100141599,379,5618002976.0,100591200.0,6903265.25,42997.6635742188,0.12322422
2427,1,631602388,False,0.445059448480606,7970,1570,1850,0.00181213597223847,0.00206961552612484,0.825857162475586,399.038940429688,0.0002273924625,100141599,905,11035240448.0,89691296.0,74072200.0,185626.5,0.1098718376
2428,2,631597735,False,0.553332388401031,7690,4360,7530,0.0151885174883147,0.00502542098326682,2.82192049628363,561.529174506931,0.00190590245230103,100141599,792,18475761664.0,309593712.0,873648841.41333,1555838.73657227,0.3792522972
2429,1,631605668,False,0.478201240301132,6240,4690,5570,0.0118352523855721,0.0297054164111614,10.9784202575684,369.576385498047,0.001485124309375,100141599,189,4839017984.0,40812300.0,448054592.0,1212346.375,0.0499950675
2430,3,631608942,False,0.989230930805206,8360,630,7680,1.09182895111275,0.0621641223898582,51.9522189139676,835.726732988405,0.1370060953625,100141599,821,367578710016.0,1799136000.0,93469107328.0,111841710.5,2.2039416
2431,1,631604571,False,0.209122911095619,9950,4250,1480,0.000256444435772403,4.64981931145303e-05,0.011864916421473,255.169403076172,3.21794460449219e-05,100141599,543,65323057152.0,564945280.0,6703028.5,26268.935546875,0.692057968
2432,2,631599346,False,0.106272928416729,11140,5520,5930,4.62277604128388e-05,4.39726172771771e-05,0.0102305579930544,232.657485961914,5.80080327148437e-06,100141599,970,9843606528.0,107688600.0,1101714.5,4735.349609375,0.131918535
2433,2,631600756,False,0.392036586999893,7820,3570,6250,0.00274162120300438,0.0100386943668127,4.7879490852356,476.949371337891,0.0003440271625,100141599,549009203,4218587392.0,27975600.0,133945744.0,280838.5,0.03427011
2434,3,631606760,False,0.473091691732407,6290,1940,6830,0.00153413794153512,0.000366883366854847,0.2657006086927,724.210015216692,0.000192508404272461,100141599,423,66220419072.0,428336992.0,113809399.5,157149.717773438,0.5247128152
2435,3,631608931,False,0.728889882564545,6700,4180,8530,0.0186713408301427,0.00106875895178579,1.10255042072124,1031.61748388539,0.00234293796634827,100141599,818,169985784832.0,1789554528.0,1973074097.75,1912602.42150879,2.1922042968
2436,2,631595670,False,0.635286569595337,9540,2340,6480,0.117128142419859,0.022314777597785,16.329439163208,731.776916503906,0.0146976039,100141599,26,106218438656.0,537672576.0,8779891712.0,11998044.0,0.6586489056
2437,3,631606629,False,0.650147438049316,7670,2400,9380,0.11906904087126,0.00150275265518431,0.584812263611436,389.160692276209,0.0149411538791892,100141599,378,988082422784.0,8116345872.0,4746538601.65765,12196860.3095422,9.9425236932
2438,3,631608469,False,0.695864975452423,7920,2870,6090,0.0174862211495676,0.00686976947298372,3.54544429410149,516.093634297981,0.00219422545986328,100141599,634,37255852032.0,260737200.0,924429218.0,1791204.45703125,0.31940307
2439,2,631597702,False,0.854033470153809,5370,1450,6380,0.408946557672396,0.0205812361091375,14.0524597167969,682.780151367188,0.051315887,100141599,767,337456037888.0,2035374336.0,28602015744.0,41890520.0,2.4933335616
2440,3,631606805,False,0.00133751647081226,11620,6320,7770,1.83426853064778e-08,1.12947580465417e-09,1.74190272298151e-07,154.222225549565,2.30169724822044e-09,100141599,437,207152259072.0,1663547392.0,289.773773193359,1.87893652915955,2.0378455552
2441,3,631608484,False,0.405440866947174,9610,6570,6230,0.00175352010120478,0.00129214916204111,0.384106138821268,297.261454099095,0.000220037160546875,100141599,642,8063132672.0,139010400.0,53394748.0,179622.171875,0.17028774
2442,3,631608609,False,0.936833500862122,8110,1110,6250,0.619114812783969,0.0419751108888552,31.2073645313749,743.473069410301,0.07768845385,100141599,687,340001619968.0,1510875008.0,47150427136.0,63419146.0,1.8508218848
2443,2,631596157,False,0.142926290631294,12870,7080,5830,0.000436976088877744,0.00147691927850246,0.1971485465765,133.486343383789,5.48331198242187e-05,100141599,198,447791840.0,30307500.0,5975079.5,44761.73046875,0.0371266875
2444,1,631605531,False,0.661182463169098,6270,4650,5520,0.0492084500694103,0.00518887512151763,2.19961129140419,423.909082391031,0.00617482948769531,100141599,239,129495959552.0,971439284.0,2136788818.0,5040677.1328125,1.1900131229
2445,3,631610180,False,0.927208185195923,5250,1670,6370,0.507864974744344,0.0827032370366555,74.4024973864738,899.63222785944,0.06372847788125,100141599,919,142703194112.0,629035200.0,46801789824.0,52023247.25,0.77056812
2446,2,631597192,False,0.997395634651184,7980,1230,6320,0.536476710940766,0.185106351971626,214.540832519531,1159.01379394531,0.0673187676,100141599,590,122703085568.0,296878496.0,63692558336.0,54954096.0,0.3636761576
2447,3,631610146,False,1.0,6680,2610,8510,0.737028603151582,0.0275846864779247,47.3630226120099,1717.00420267286,0.0924846433,100141599,484682516,334290206720.0,2736941312.0,129629813248.0,75497668.0,3.3527531072
2448,3,631608671,False,0.82199239730835,5660,4930,9330,0.0386675285664823,0.000494057696565525,0.164989035412988,333.94689842891,0.00485212184638672,100141599,703,780155912704.0,8017111808.0,1322735544.0,3960915.79296875,9.8209619648
2449,3,631606572,False,0.199861854314804,6570,4740,9520,0.00041540849881785,0.00229183229360222,0.702136209403781,306.364567496423,5.21267514892578e-05,100141599,355,1573297408.0,18567000.0,13036563.0,42552.4501953125,0.022744575
2450,2,631596730,False,0.433429002761841,7520,4810,6140,0.00354200407671533,0.0115061178803444,5.42446327209473,471.441650390625,0.000444461696875,100141599,414,3334193152.0,31533300.0,171051232.0,362825.875,0.0386282925
2451,2,631600963,False,0.0973158776760101,9000,5610,5850,2.79239288052959e-05,0.000199086352949962,0.0465259253978729,233.697204589844,3.50398150634766e-06,100141599,607344850,2550998528.0,14367600.0,668465.875,2860.39306640625,0.01760031
2452,3,631606213,False,0.631838381290436,3550,2600,5840,0.0209306812367334,0.00454774780414583,2.07535647871241,456.348189937108,0.00262644703330078,100141599,171,47858876416.0,471450592.0,978428040.5,2144038.39453125,0.5775269752
2453,3,631608439,False,1.0,6470,3200,8530,5.73593992670389,0.0120170726693453,17.3669037960479,1445.18588460813,0.719763596477862,100141599,623,6495056056384.0,48893947448.0,849136481538.44,587562119.573765,59.8950856238
2454,1,631604650,False,0.0,0,0,0,0.0,0.0,0.0,0.0,0.0,100141599,514,242970688.0,10040400.0,0.0,0.0,0.01229949
2455,2,631596240,False,0.267706394195557,9680,4630,6010,0.000148056280515804,0.000782616785727441,0.351794898509979,449.511077880859,1.85785629394531e-05,100141599,231,1973268480.0,19378800.0,6817363.0,15166.173828125,0.02373903
2456,1,631604568,False,0.0,0,0,0,0.0,0.0,0.0,0.0,0.0,100141599,544,16945806336.0,139194000.0,0.0,0.0,0.17051265
2457,2,631596368,False,0.970182359218597,7680,860,6670,0.830331652817684,0.24978594481945,286.105316162109,1145.40197753906,0.1041926004,100141599,274,166899712000.0,340512288.0,97422376960.0,85055184.0,0.4171275528
2458,3,631609029,False,0.0,0,0,0,0.0,0.0,0.0,0.0,0.0,100141599,850,3139026560.0,76561200.0,0.0,0.0,0.09378747
2459,1,631603348,False,0.0,0,0,0,0.0,0.0,0.0,0.0,0.0,100141599,653,1752189824.0,13649400.0,0.0,0.0,0.016720515
2460,3,631609258,False,0.192940503358841,10580,3270,4490,0.000452891272298078,1.26357850397855e-05,0.00262312772439064,207.595152666127,5.68302065795898e-05,100141599,920,507024867328.0,3671477888.0,9630755.4375,46392.0053710938,4.4975604128
2461,1,631601841,False,0.107801795005798,6720,4240,2740,2.77571741744916e-05,4.03783587898943e-06,0.000781800481490791,193.618682861328,3.48305661621094e-06,100141599,1022,74314612736.0,704167168.0,550518.25,2843.3115234375,0.8626047808
2462,1,631596222,False,0.454568684101105,7710,1580,2960,0.00855567825535806,0.0682923495769501,26.358024597168,385.958679199219,0.0010735931390625,100141599,312782624,1581962880.0,12833100.0,338255168.0,876402.5625,0.0157205475
2463,3,631606569,False,0.411219924688339,12390,4960,4610,0.0162117423001375,5.95883334937165e-05,0.0126860441292721,212.894762875183,0.00203429988671875,100141599,354,2650649618704.0,27868760064.0,353544320.0,1660652.96875,34.1392310784
2464,1,631603150,False,0.128765285015106,10960,4580,5220,1.44174379835901e-05,1.02320510461828e-06,0.000316356214115634,309.181622225835,1.80914499588013e-06,100141599,701,219204766720.0,1443359744.0,456615.82421875,1476.85305786133,1.7681156864
2465,3,631606377,False,0.758521795272827,2620,3710,6450,0.346390391717032,0.0753370349535835,53.1146642178268,705.027271786734,0.043466144575,100141599,288,90185236480.0,470984384.0,25016177408.0,35482567.0,0.5769558704
2466,1,631601097,False,0.186302810907364,9520,6920,5690,0.000720666047206388,9.87511178307073e-05,0.0127690881139708,129.305757691384,9.04314188476562e-05,100141599,933,37336512096.0,747551704.0,9545553.578125,73821.56640625,0.9157508374
2467,3,631606548,False,0.0,0,0,0,0.0,0.0,0.0,0.0,0.0,100141599,347,7493641728.0,98460000.0,0.0,0.0,0.1206135
2468,1,631603607,False,0.0408479236066341,8390,6690,1670,7.63425167819823e-06,1.23712266031362e-06,0.000248955941060558,201.237869262695,9.57969664001465e-07,100141599,566,53681872896.0,632124928.0,157371.25,782.016052246094,0.7743530368
2469,1,631602696,False,0.0,0,0,0,0.0,0.0,0.0,0.0,0.0,100141599,830,15046761472.0,169227904.0,0.0,0.0,0.2073041824
2470,1,631601179,False,0.0,0,0,0,0.0,0.0,0.0,0.0,0.0,100141599,563807439,1175305600.0,10125000.0,0.0,0.0,0.012403125
2471,3,631609867,False,1.0,8240,2470,6870,0.164992747460077,0.129662087400902,266.393923876269,2054.52441200184,0.0207038035303955,100141599,1061,61105401856.0,130347000.0,34723648795.5,16901064.1064453,0.159675075
2472,1,631601820,False,0.686996161937714,8690,2760,1410,0.0451282272724369,0.0167798774832154,6.33522803458792,377.549123402416,0.00566283043046875,100141599,1027,38744936128.0,275491804.0,1745303400.0,4622718.71875,0.3374774599
2473,3,631609002,False,1.0,9610,1630,6930,0.437421004952403,0.0431860314335831,90.4782995327073,2095.08251925987,0.0548889492781738,100141599,842,213405208576.0,1037541632.0,93875002557.75,44807305.5332031,1.2709884992
2474,1,631601863,False,0.307988047599792,11000,2780,2160,0.00198442924920899,4.18044127901022e-05,0.0125427125770051,300.033219937365,0.000249012359197998,100141599,1017,796577431552.0,4862534400.0,60989371.375,203275.395263672,5.95660464
2475,3,631609940,False,0.798188745975494,8010,3830,7610,0.0460006743064876,0.020916675911499,26.7515837072578,1278.95961195971,0.0057723078,100141599,1088,38266218496.0,225279008.0,6026570240.0,4712088.0,0.2759667848
2476,1,631603128,False,0.00809441320598125,7870,2710,5120,6.29850888604623e-07,2.46662989411561e-06,0.000721364107448608,292.449249267578,7.9035650062561e-08,100141599,706,4246011904.0,26156700.0,18868.50390625,64.5188980102539,0.0320419575
2477,3,631608848,False,0.0,0,0,0,0.0,0.0,0.0,0.0,0.0,100141599,781,3738833024.0,21128400.0,0.0,0.0,0.02588229
2478,2,631599336,False,0.0251016411930323,12290,4700,6300,2.20831122655795e-05,3.30910961565678e-06,0.00062383443582803,188.520324707031,2.77105766601562e-06,100141599,968,83800465408.0,683594112.0,426449.53125,2262.087890625,0.8374027872
2479,3,631606745,False,0.933611333370209,7340,1530,8110,0.858937649257079,0.0960647164703123,68.3757438931908,711.767508462085,0.107782169876172,100141599,417,206239183488.0,915897616.0,62625180824.0,87985444.796875,1.1219745796
2480,3,631608644,False,1.0,7210,1750,8360,36.978375907319,0.0198422891679358,24.8914477878556,1254.46452156735,4.64016171282615,100141599,695,26674825873453.1,190899703177.0,4751769994347.43,3787887112.51114,233.852136391825
2481,1,631601750,False,0.156357899308205,9210,3400,1550,0.000113099422841436,0.000433772191172466,0.11667162925005,268.969818115234,1.41920676269531e-05,100141599,1045,2107239680.0,26708400.0,3116112.5,11585.361328125,0.03271779
2482,1,631604812,False,0.488629192113876,6440,4670,5120,0.0191336514999082,0.00215888549043241,0.906351868190695,419.823965748715,0.00240095014824219,100141599,444,118031186944.0,907857000.0,822837888.0,1959959.3046875,1.112124825
2483,1,631603036,False,0.0,0,0,0,0.0,0.0,0.0,0.0,0.0,100141599,733,112138010624.0,740097024.0,0.0,0.0,0.9066188544
2484,1,631602037,False,0.0,0,0,0,0.0,0.0,0.0,0.0,0.0,100141599,975,1343814912.0,11456100.0,0.0,0.0,0.0140337225
2485,2,631599749,False,0.656868040561676,8240,4210,8180,0.0139124364230398,0.0517947822809219,38.6829872131348,746.851013183594,0.001745775828125,100141599,1044,4329994752.0,27514800.0,1064354688.0,1425123.125,0.03370563
2486,1,631602619,False,0.0122187379747629,12120,6550,4240,1.67856505893282e-06,1.71297259043968e-07,2.79785544989863e-05,163.333343505859,2.10631568527222e-07,100141599,852,97390837760.0,1003776320.0,28084.2109375,171.944137573242,1.229625992
2487,3,631608839,False,1.0,7600,1340,6590,2.33490910913589,0.0340690498799732,51.4037079563766,1508.80955405197,0.292991662973413,100141599,776,900845209856.0,7020356264.0,360872343144.375,239176867.733398,8.5999364234
2488,3,631606230,False,0.636278867721558,7570,1210,9220,0.0844303537497792,0.00633861894197368,2.92760375106148,461.867762972023,0.0105945835980469,100141599,201,189183655936.0,1364435968.0,3994527858.0,8648639.671875,1.6714340608
2489,2,631600375,False,1.0,6610,3520,7840,8.76393459153817,0.0562327710914589,124.650407792677,2216.68620224925,1.09972579237368,100141599,1129,4003429673224.0,15964629224.0,1989997543030.49,897735340.713207,19.5566707994
2490,1,631602278,False,0.0,0,0,0,0.0,0.0,0.0,0.0,0.0,100141599,182305693,1049922368.0,74808000.0,0.0,0.0,0.0916398
2491,1,631604542,False,0.176775217056274,7540,6560,4430,7.16267362924002e-05,0.000113615015389192,0.0188624656619995,166.020887269041,8.98794582519531e-06,100141599,557,3391581504.0,64578600.0,1218111.625,7337.0986328125,0.079108785
2492,3,631608593,False,0.513639867305756,9360,5400,5560,0.00721423942546498,0.00136474617194905,0.574477777097511,420.941116308154,0.000905265219140625,100141599,679,61405409280.0,541486784.0,311072124.0,738992.015625,0.6633213104
2493,3,631609025,False,0.216418594121933,6810,4180,9650,0.00143742871185344,0.00313669340300412,0.947108806148838,301.94497340472,0.000180373029101562,100141599,849,3976280064.0,46942200.0,44459371.0,147243.2890625,0.057504195
2494,3,631609680,False,0.0,0,0,0,0.0,0.0,0.0,0.0,0.0,100141599,1010,19878292992.0,163196992.0,0.0,0.0,0.1999163152
2495,2,631600438,False,0.899415194988251,7970,3870,8130,0.0233757354755548,0.23649363219738,382.359924316406,1616.78747558594,0.00293326005,100141599,563807439,6244769792.0,10125000.0,3871394304.0,2394498.0,0.012403125
2496,3,631606430,False,0.374334335327148,5070,3850,5780,0.00219416270532272,0.000526513581851436,0.165010600414692,313.402362450836,0.000275330366116333,100141599,310,28567208960.0,426882592.0,70440152.8125,224759.482543945,0.5229311752
2497,1,631602011,False,0.205866694450378,7540,1200,2130,0.000433116674666311,0.000117441304610111,0.0352931544184685,300.517364501953,5.4348828515625e-05,100141599,981,19617685504.0,377775008.0,13332871.0,44366.390625,0.4627743848
2498,2,631599977,False,0.899947643280029,7910,3630,7720,0.0365302597795831,0.0480416007339954,80.154655456543,1668.44262695312,0.00458393070625,100141599,1072,17720975360.0,77890496.0,6243286016.0,3741984.25,0.0954158576
2499,1,631602863,False,0.156675681471825,3530,3530,4080,5.89196978470827e-05,1.71570936799981e-05,0.00577234430238605,336.440643310547,7.39342708740234e-06,100141599,783,12942697472.0,351775808.0,2030571.0,6035.45068359375,0.4309253648
2500,3,631606239,False,0.869435787200928,4610,1620,5840,0.302159145893041,0.056908842798405,46.4018729158738,815.371928757167,0.03791587016875,100141599,211,99640907776.0,543882624.0,25237172400.0,30951730.75,0.6662562144
2501,2,631595940,False,0.275602608919144,5940,730,7080,0.00171287168771031,0.000603037886321545,0.178458750247955,295.932891845703,0.00021493647109375,100141599,113,40849784832.0,290957408.0,51923896.0,175458.34375,0.3564228248
2502,3,631606393,False,1.0,7610,750,7750,0.44523403712413,0.118755592556196,125.744771879117,1058.85347521309,0.055869352875,100141599,312782554,101180219392.0,384046208.0,48291802816.0,45607635.0,0.4704566048
2503,3,631607014,False,0.0244036857038736,11350,3630,4900,9.06901910914959e-06,5.79228017318718e-07,8.99364928652155e-05,155.269583266254,1.13800874729156e-06,100141599,519,278090767872.0,1603835976.0,144243.3828125,928.98673248291,1.9646990706
2504,1,631605984,False,0.277534008026123,8610,2380,5410,0.00039750063497826,4.32979868492112e-05,0.0211149845272303,487.666656494141,4.98796169921875e-05,100141599,17,178421121024.0,940414528.0,19856838.0,40718.0546875,1.1520077968
2505,3,631606824,False,0.860796868801117,7450,290,6550,0.544863227975149,0.0744258931911993,59.062393161372,793.573185741168,0.0683711338625,100141599,442,130067800064.0,749916032.0,44291835520.0,55813170.5,0.9186471392
2506,3,631608602,False,0.344287008047104,7790,5240,6130,9.91513987503044e-05,0.00017150091306643,0.0717674656967536,418.466959817029,1.24418261474609e-05,100141599,681,4231579648.0,59221800.0,4250198.5,10156.5927734375,0.072546705
2507,3,631608585,False,0.622798204421997,6830,3950,1470,0.00541748204428832,0.000262432509861072,0.0861631445649638,328.324964809343,0.000679802510116577,100141599,677,227842445824.0,2114603960.0,182200926.703125,554940.824584961,2.590389851
2508,1,631602338,False,0.0,0,0,0,0.0,0.0,0.0,0.0,0.0,100141599,912,4720745984.0,54732600.0,0.0,0.0,0.067047435
2509,2,631601042,False,0.0511939935386181,7320,7390,5720,2.01899755376905e-05,5.63570829399396e-05,0.0102417385205626,181.729385375977,2.5335009765625e-06,100141599,10671,593892864.0,36697500.0,375846.1875,2068.1640625,0.0449544375
2510,3,631608511,False,0.0391485951840878,10730,5310,6020,5.25581681291243e-06,1.9721768547862e-05,0.00502953884419828,255.024737360257,6.59516253662109e-07,100141599,653,3272040448.0,27298800.0,137300.375,538.380615234375,0.03344103
2511,1,631605339,False,0.37397488951683,5450,1720,5520,0.00343267275654236,0.00155570905189961,0.612408936023712,393.652618408203,0.0004307424625,100141599,296,27328055296.0,226023296.0,138418688.0,351626.5,0.2768785376
2512,3,631609200,False,1.0,7970,1080,6980,0.849156335266727,0.234447878610622,292.534219800014,1247.75801569893,0.10655478015,100141599,906,173198577664.0,371014208.0,108534351872.0,86983494.0,0.4544924048
2513,2,631599205,False,1.0,7760,1210,6620,0.61413502039304,0.110447198152542,142.991806030273,1294.662109375,0.077063574,100141599,940,147008565683.961,569584768.0,81445953536.0,62909040.0,0.6977413408
2514,2,631597580,False,0.591865837574005,8050,1950,10100,0.0531847481657816,0.107435084879398,61.2796783447266,570.388000488281,0.00667378775,100141599,696,9760461824.0,50709600.0,3107468032.0,5447990.0,0.06211926
2515,2,631596523,False,0.112168960273266,4130,4040,5940,8.89815160679526e-05,0.000547496951185167,0.139375656843185,254.568817138672,1.11656776123047e-05,100141599,333,1609810176.0,16648200.0,2320353.75,9114.8388671875,0.020394045
2516,3,631609650,False,0.571473836898804,8040,3130,9780,0.0190889477022632,0.0393267297883809,13.2752805834108,337.563805962147,0.0023953405765625,100141599,1005,5573566720.0,49721400.0,660065536.0,1955380.0625,0.060908715
2517,2,631595693,False,0.0,0,0,0,0.0,0.0,0.0,0.0,0.0,100141599,30,899684864.0,22851900.0,0.0,0.0,0.0279935775
2518,2,631596575,False,0.0310577154159546,6850,6550,7120,1.39668383874405e-06,1.27030689327512e-05,0.00154075596947223,121.290061950684,1.75260235595703e-07,100141599,349,239346336.0,11262600.0,17352.91796875,143.069580078125,0.013796685
2519,1,631602392,False,0.229681357741356,4090,6230,5670,0.000786563008011142,0.00015500674907405,0.0424116866470561,273.611871098561,9.8700374609375e-05,100141599,904,60608823296.0,519795008.0,22045383.0,80571.734375,0.6367488848
2520,2,631596127,False,0.530488848686218,6170,4860,6080,0.06285416900282,0.033748310059309,14.5222911834717,430.311645507812,0.007887136775,100141599,181,28306663424.0,190779296.0,2770552576.0,6438479.0,0.2337046376
2521,1,631605122,False,0.0,0,0,0,0.0,0.0,0.0,0.0,0.0,100141599,349,421439392.0,11262600.0,0.0,0.0,0.013796685
2522,2,631597528,False,0.5240678191185,8100,1980,9790,0.00826371378190613,0.0141961257904768,7.38735008239746,520.377868652344,0.001036956528125,100141599,678,11503081472.0,59628600.0,440497344.0,846495.125,0.073045035
2523,3,631606256,False,0.293809771537781,11090,7210,5700,0.000676331537923037,0.00115558211560049,0.15072846715572,130.43509857142,8.48681866210937e-05,100141599,230,662586304.0,59952600.0,9036563.5,69280.15234375,0.073441935
2524,2,631595748,False,0.655244708061218,6250,4760,6270,0.0124368767018996,0.0108720230706762,4.78725373434768,440.327775541588,0.00156061800128632,100141599,46,8374152448.0,117179100.0,560966084.0625,1273973.87860107,0.1435443975
2525,2,631596050,False,0.169070407748222,10520,3840,5860,0.000287874845089352,6.81719684507698e-05,0.0132961571216583,195.038467407227,3.6123431640625e-05,100141599,145,8914667776.0,432560704.0,5751395.0,29488.515625,0.5298868624
2526,3,631608376,False,0.357742607593536,2650,6020,6140,0.00154417884594802,0.000244909086055542,0.0780080286132022,318.518311711437,0.000193768368212891,100141599,605,74284840960.0,645865216.0,50382672.25,158178.259765625,0.7911848896
2527,1,631604890,False,0.0,0,0,0,0.0,0.0,0.0,0.0,0.0,100141599,422,7428026880.0,60713100.0,0.0,0.0,0.0743735475
2528,3,631606482,False,0.0324719846248627,6540,6480,3240,9.94680969352705e-06,1.47521813949954e-06,0.000251482983486901,170.47172669136,1.24815664215088e-06,100141599,327,72605405184.0,690679808.0,173694.21875,1018.90338134766,0.8460827648
2529,3,631608519,False,0.0466351620852947,8140,7060,2440,3.67037379162983e-05,3.4744905071845e-06,0.000486500269637143,140.020606944001,4.60569928283691e-06,100141599,655,85399633920.0,1082102400.0,526443.109375,3759.75451660156,1.32557544
2530,3,631606988,False,0.226951315999031,2410,3890,4970,0.00140188009284109,9.69112707026302e-06,0.0040406469830788,416.942936954921,0.000175912277734375,100141599,507,1750203432960.0,14817869824.0,59873781.0,143601.859375,18.1518905344
2531,1,631604560,False,0.661182463169098,6270,4650,5520,0.135977240305633,0.00152667763177305,0.611618876457214,400.620819091797,0.017062847375,100141599,549,1181212081280.0,9123638272.0,5580189184.0,13928855.0,11.1764568832
2532,2,631595931,False,0.31452950835228,7040,2940,8670,0.0021510131856775,0.000338611134793609,0.103635780513287,306.061370849609,0.000269915830078125,100141599,108,7798858240.0,650715328.0,67437392.0,220339.453125,0.7971262768
2533,2,631605971,False,0.0,0,0,0,0.0,0.0,0.0,0.0,0.0,100141599,576073704,11208179712.0,96414304.0,0.0,0.0,0.1181075224
2534,1,631601891,False,0.998610615730286,7980,1210,4590,1.45245517762484,0.00705780601128936,5.62656736373901,797.211975097656,0.1822585968,100141599,1009,1226053710293.91,21080563712.0,118611214336.0,148782528.0,25.8236905472
2535,3,631606473,False,0.742912590503693,7890,3640,7570,0.0436268670890289,0.0274499369604917,28.0290787456993,1021.09810984416,0.00547443508131463,100141599,325,28378702848.0,162802800.0,4563212501.22034,4468926.59699154,0.19943343
2536,2,631596909,False,1.0,6470,3200,8530,5.39468838820042,0.0471972043102913,71.1471031648509,1507.44316754663,0.6769422912,100141599,485,2421589278720.0,11708446720.0,833022066688.0,552605952.0,14.342847232
2537,2,631595858,False,0.270567923784256,11430,7110,6160,0.000151040512961095,6.7183944338467e-05,0.0182231869548559,271.243194580078,1.89530337158203e-05,100141599,83,12493414400.0,230291104.0,4196638.0,15471.8642578125,0.2821066024
2538,3,631608727,False,0.670703232288361,8830,2500,9650,0.140918593759284,0.03063948979124,12.5952360478582,411.078517745399,0.0176829037875,100141599,729,58157971456.0,471124800.0,5933928064.0,14435023.5,0.57712788
2539,1,631602763,False,0.0326742231845856,5020,4730,4730,1.45277899447791e-05,2.4524423413214e-06,0.000475669500269233,193.957465280484,1.8229923034668e-06,100141599,809,60240951424.0,606806104.0,288639.15625,1488.15698242188,0.7433374774
2540,1,631600495,False,0.0745954066514969,6250,7420,3280,3.21007979206051e-05,9.52111258811783e-06,0.00125336658675224,131.640762329102,4.02810804443359e-06,100141599,639,29286502400.0,345364192.0,432867.9375,3288.25146484375,0.4230711352
2541,1,631604763,False,0.413290619850159,6940,1430,3900,0.00474981100890868,0.0321160033345222,11.4001474380493,354.967834472656,0.0005960210703125,100141599,461,1459134720.0,15149700.0,172708816.0,486547.8125,0.0185583825
2542,1,631604638,False,0.355285912752151,8550,3240,1410,0.0101300187587558,0.00820319354534149,2.87147521972656,350.043548583984,0.0012711462859375,100141599,520,15403948032.0,126495904.0,363229856.0,1037670.4375,0.1549574824
2543,2,631600523,False,0.927208185195923,5250,1670,6370,0.47095977546913,0.153386831283569,143.574935913086,936.03173828125,0.0590974986,100141599,919,99211190272.0,314517600.0,45156843520.0,48242856.0,0.38528406
2544,1,631604621,False,0.259083598852158,7120,2640,990,0.00220921171967788,0.0025540697388351,0.833808064460754,326.462524414062,0.00027721876328125,100141599,527,9000187904.0,88604096.0,73878808.0,226301.03125,0.1085400176
2545,3,631606867,False,1.0,7210,1750,8360,1.64023078505931,0.00560277603507507,4.45493713961399,795.130326774574,0.205821264517044,100141599,453,3515742566632.0,29988234000.0,133595697398.035,168017358.789423,36.73558665
2546,1,631605869,False,0.12786976993084,9080,5000,5570,3.93832414439227e-05,2.52553872996941e-05,0.00677799992263317,268.378387451172,4.94193172607422e-06,100141599,100,22454648960.0,159737408.0,1082700.125,4034.22998046875,0.1956783248
2547,3,631606581,False,0.992593586444855,7180,1500,8010,0.354005854014636,0.0287450239783767,24.0438847958373,836.453808976613,0.0444217564890381,100141599,361,188081907968.0,1261528200.0,30332038707.5,36262658.3583984,1.545372045
2548,3,631606208,False,0.0,0,0,0,0.0,0.0,0.0,0.0,0.0,100141599,164,17708708.5,388800.0,0.0,0.0,0.00047628
2549,2,631598790,False,0.0,0,0,0,0.0,0.0,0.0,0.0,0.0,100141599,852,93550100480.0,1003776320.0,0.0,0.0,1.229625992
2550,3,631606712,False,0.146057888865471,7240,6280,7390,0.000294256366486743,1.65097307731027e-05,0.00312139441623835,189.063919886789,3.69242048095703e-05,100141599,403,168679604224.0,1825723776.0,5698804.0,30142.2080078125,2.2365116256
2551,2,631597677,False,0.339762538671494,8280,4890,6450,0.000443818829855142,0.000235706742387265,0.126430287957191,536.388122558594,5.56917682617187e-05,100141599,749,22229753856.0,192878096.0,24385634.0,45462.66796875,0.2362756676
2552,3,631610020,False,0.682297587394714,6400,4280,6460,0.0438418923370223,0.0447296249484573,19.4513144931087,434.864243005006,0.00550141711875,100141599,1113,14815700992.0,100402200.0,1952954768.0,4490952.75,0.122992695
2553,2,631596949,False,0.222263678908348,2380,3850,6480,0.00079469337711963,1.09873508336022e-05,0.00596900330856442,543.261352539062,9.97205986328125e-05,100141599,507,898791833600.0,7408934912.0,44223956.0,81404.5703125,9.0759452672
2554,1,631605889,False,0.0243843458592892,11590,7270,4960,7.53539201305895e-06,3.35179834110022e-06,0.000645462598185986,192.572021484375,9.45564445495605e-07,100141599,83,16701039616.0,230291104.0,148644.296875,771.889343261719,0.2821066024
2555,3,631609150,False,0.77303946018219,8400,4340,10050,0.0246646612210822,0.00163952372779597,0.559197013337985,341.072839543297,0.00309499846463623,100141599,895,145668622336.0,1541014208.0,861730542.625,2526529.35888672,1.8877424048
2556,2,631597435,False,0.0,0,0,0,0.0,0.0,0.0,0.0,0.0,100141599,651,45782773760.0,381972608.0,0.0,0.0,0.4679164448
2557,3,631608852,False,0.421811103820801,4380,4780,8710,0.00844096866337724,0.00122898198727696,0.426428839302105,346.977289916949,0.0010591990223999,100141599,783,50851972096.0,703551616.0,300014699.0,864652.263183594,0.8618507296
2558,3,631608364,False,1.0,8470,1970,9240,0.221692839124927,0.225946843291883,278.927057924554,1234.48087993082,0.027818707525,100141599,601,45503396864.0,100506600.0,28034010240.0,22709149.0,0.123120585
2559,2,631597335,False,1.0,6470,3200,8530,5.46189586646714,0.0228858741125099,34.2519578314463,1496.64188761414,0.685375694772143,100141599,623,3807057508736.0,24446973724.0,837356713100.924,559490363.0793,29.9475428119
2560,2,631596249,False,0.659679293632507,9090,2420,9850,0.037419295045495,0.0272295568138361,12.7244653701782,467.303436279297,0.00469548961875,100141599,234,18302793728.0,140768096.0,1791198720.0,3833052.75,0.1724409176
2561,1,631605581,False,0.0,0,0,0,0.0,0.0,0.0,0.0,0.0,100141599,226,25807484928.0,251989200.0,0.0,0.0,0.30868677
2562,3,631607062,False,1.0,8010,440,7910,3.33176339257858,0.380041258008158,1139.36082949446,2997.99246920187,0.418080041405469,100141599,533,1126314359360.0,898033628.0,1023184339312.0,341289829.71875,1.1000911943
2563,1,631605887,False,0.327832907438278,3070,3030,5040,0.00256757183050479,0.00125654868315905,0.512444734573364,407.819244384766,0.00032218690546875,100141599,84,24793339904.0,209311200.0,107260424.0,263009.71875,0.25640622
2564,3,631608783,False,0.383596509695053,6990,3010,10490,0.00256990752981858,0.000754882563739062,0.220470952545119,292.059935062069,0.000322479996289062,100141599,755,41102389248.0,348728384.0,76884479.0,263248.9765625,0.4271922704
2565,2,631597684,False,0.124894455075264,7590,5490,6210,8.89601229689316e-05,0.00060815445613116,0.190073981881142,312.542266845703,1.11629931396484e-05,100141599,753,1405745024.0,14984100.0,2848087.5,9112.6474609375,0.0183555225
2566,3,631609815,False,0.422273308038712,9270,3570,9860,0.00436982001533721,0.00837982360096683,2.80456276864208,334.680406437016,0.000548338617626953,100141599,1045,4478633472.0,53416800.0,149810768.5,447623.361328125,0.06543558
2567,3,631609318,False,0.260088920593262,6670,1110,8050,0.000475255817264036,0.000287831309398006,0.155944466601369,541.791186398464,5.9636579296875e-05,100141599,182305701,24040287744.0,169136992.0,26375978.0,48682.921875,0.2071928152
2568,1,631605744,False,0.321826785802841,11190,5130,5480,0.000320277076923235,0.000266050703832485,0.0943272928162028,354.546300601387,4.01893645507812e-05,100141599,154,18003755008.0,123313504.0,11631829.0,32807.64453125,0.1510590424
2569,2,631597741,False,1.0,7980,4250,8160,0.529247984459476,0.0669399872422218,100.985939025879,1508.60412597656,0.0664116845,100141599,797,226732517376.0,809883904.0,81786888192.0,54213620.0,0.9921077824
2570,3,631606948,False,0.0184803325682878,6550,6400,3220,3.00802432836136e-06,1.87376975818508e-06,0.000341294781083845,182.143392801056,3.77456255912781e-07,100141599,1105,17475854336.0,164442592.0,56123.3984375,308.127555847168,0.2014421752
2571,2,631598928,False,0.247903764247894,9370,3600,10170,0.000278708073761272,0.000190457707503811,0.0585874915122986,307.614196777344,3.4973156640625e-05,100141599,888,12159929344.0,149899504.0,8782236.0,28549.515625,0.1836268924
2572,1,631605811,False,0.573143661022186,6020,4800,5110,0.0330767891174058,0.0183365573807204,8.18945904420429,446.619224872328,0.0041505784578125,100141599,127,27682865152.0,184779904.0,1513247456.0,3388227.3125,0.2263553824
2573,3,631608827,False,0.0,0,0,0,0.0,0.0,0.0,0.0,0.0,100141599,773,44273078272.0,254377792.0,0.0,0.0,0.3116127952
2574,2,631605349,False,1.0,7610,750,7750,0.43179800068688,0.230343699455261,248.887069702148,1080.50305175781,0.0541833572,100141599,312782554,77592174592.0,192023104.0,47792066560.0,44231312.0,0.2352283024
2575,2,631596940,False,0.522048830986023,8340,1950,7020,0.0189668296390975,0.00205810996703804,0.888936817646027,431.918975830078,0.002380016821875,100141599,502,132396113920.0,944007296.0,839162816.0,1942870.875,1.1564089376
